sim_idx,batch_idx,population_num,exp_num,particle_weight,C_extra,C_OD,D,g_1,K_A_B_1,K_mu_glu,k_omega_B_1,kA_1,kB_max_1,mu_max_1,n_A_B_1,n_omega,omega_max,S0_glu,N_1,S_glu,B_1,A_1
4,0,1,1,0.00832142116014989,1e-09,1000000000.0,0.024358772674604595,100000000000.0,-17.40536935348639,3.9e-05,-15.243017759720935,-38.31535010928704,-39.459020135267544,1.1923401608061224,1.6972300323016707,1.431606791083462,1.1307748636676362,0.02,0.026293190535236266,0.02,9.999999999999997e-72,0.1
7,0,1,1,0.005666067191767978,1e-09,1000000000.0,0.24892525421728526,100000000000.0,-14.20351098317763,3.9e-05,-15.213392045143275,-42.81045027729156,-47.298208677806194,1.8748404810210133,1.6698133218255797,1.7964957247546818,1.2453942158919424,0.02,0.14212009654074487,0.02,9.999999999999997e-72,0.1
9,0,1,1,0.0031350135784505412,1e-09,1000000000.0,0.08636853518414714,100000000000.0,-17.6098229528349,3.9e-05,-14.87792686575329,-43.32627313036946,-37.21734879557721,1.903704222526539,1.835727843692096,1.3154699729426333,1.3082362479031422,0.02,0.23105872915840275,0.02,9.999999999999997e-72,0.1
7,1,1,1,0.00939957274144041,1e-09,1000000000.0,0.13719168673891619,100000000000.0,-16.618035781379632,3.9e-05,-14.800096812733793,-38.536423340341116,-48.79868571677904,1.2082021089642834,1.2276317226389664,1.2770822239428152,1.1401139033362904,0.02,0.2100850075858241,0.02,9.999999999999997e-72,0.1
1,2,1,1,0.013489158808824325,1e-09,1000000000.0,0.04743571541054864,100000000000.0,-14.667384895213555,3.9e-05,-14.115337313013484,-38.01966736322126,-37.569241157887724,0.815435285452781,1.1966482083664203,1.3956357832356336,1.582873876441878,0.02,0.3908433690630829,0.02,9.999999999999997e-72,0.1
3,2,1,1,0.0035614497654030326,1e-09,1000000000.0,0.18432228677606538,100000000000.0,-18.54561491130528,3.9e-05,-16.055107955745292,-44.39376560430973,-40.847690766661955,1.079119134708787,1.8258688367125844,1.7023283444986368,1.5977958467589168,0.02,0.35687220109712814,0.02,9.999999999999997e-72,0.1
4,2,1,1,0.016936090515436514,1e-09,1000000000.0,0.424056838080355,100000000000.0,-16.414908968237366,3.9e-05,-14.089851894611094,-35.40541181787868,-36.38470691390519,1.5697599932868151,1.4087059872788363,1.2715060251192782,1.0220597639207787,0.02,0.1733092964516842,0.02,9.999999999999997e-72,0.1
5,2,1,1,0.006412930365691112,1e-09,1000000000.0,0.16928572817803217,100000000000.0,-18.302533362868413,3.9e-05,-14.410642664356658,-41.70098666974475,-38.318610060801454,2.930095956684027,1.3730150701925123,1.1662854014353974,1.6986485305946597,0.02,0.15166954883222405,0.02,9.999999999999997e-72,0.1
6,2,1,1,0.008561351221198422,1e-09,1000000000.0,0.33540867228796273,100000000000.0,-17.429943991628505,3.9e-05,-15.381237951511322,-46.349423894598964,-44.73363675736321,2.1952876582089837,1.084002129179021,1.1594478872130096,1.1972399230619637,0.02,0.2714157496827458,0.02,9.999999999999997e-72,0.1
7,2,1,1,0.005832437148715751,1e-09,1000000000.0,0.02078455965130316,100000000000.0,-15.464155396455448,3.9e-05,-15.440805497602144,-43.115842578210696,-45.77715424168544,1.694184353344186,1.9449479000593917,1.6783389950588903,1.1847555136945402,0.02,0.11401481089621325,0.02,9.999999999999997e-72,0.1
4,3,1,1,0.016496305551581155,1e-09,1000000000.0,0.11340004142952079,100000000000.0,-19.90197989255403,3.9e-05,-14.835409313787085,-41.58203215874625,-38.960863099107044,2.5736698244140497,1.4481446045929172,1.7245934852101317,1.265815779517263,0.02,0.04518660984655076,0.02,9.999999999999997e-72,0.1
3,4,1,1,0.007091559659241845,1e-09,1000000000.0,0.3553954307277667,100000000000.0,-15.51503467064746,3.9e-05,-15.76929662178825,-39.14075886557279,-35.90976583553027,2.9294823201074025,1.9534689551732272,1.010646013753145,1.0882124163673859,0.02,0.30520359933725405,0.02,9.999999999999997e-72,0.1
9,4,1,1,0.02711080660830356,1e-09,1000000000.0,0.4922890945559728,100000000000.0,-18.641158651929313,3.9e-05,-14.134275943982692,-43.460003682993666,-45.09959428839109,1.8700043609205228,1.9435773013700937,1.2869639729962015,1.6371754872444904,0.02,0.2457215692376638,0.02,9.999999999999997e-72,0.1
0,5,1,1,0.0044948011875479525,1e-09,1000000000.0,0.3061164532259212,100000000000.0,-16.73470863721577,3.9e-05,-15.263088129248285,-37.697929028930815,-47.31499248630121,0.6325420813100027,1.2087874445256315,1.7553784833391934,1.8233619013209643,0.02,0.2864386233535134,0.02,9.999999999999997e-72,0.1
5,6,1,1,0.004727749771471672,1e-09,1000000000.0,0.16688044526627238,100000000000.0,-18.30599739823923,3.9e-05,-14.470066550162793,-34.86214847534841,-36.60876244476917,1.756352489087049,1.6863834934844202,1.040992046965596,1.653496251371191,0.02,0.27942910217385425,0.02,9.999999999999997e-72,0.1
8,6,1,1,0.0227723313597236,1e-09,1000000000.0,0.18027842750289239,100000000000.0,-20.25750294767924,3.9e-05,-15.76631771001942,-42.4468709220065,-48.44010529138751,1.9223737524393656,1.9006054891823085,1.5697793938976472,1.522317172746046,0.02,0.36720638990985477,0.02,9.999999999999997e-72,0.1
4,7,1,1,0.0042846125837251595,1e-09,1000000000.0,0.12242306237656744,100000000000.0,-17.806064371600673,3.9e-05,-15.513009535684143,-48.12821785171825,-43.75116810849202,1.0870443591947936,1.679295520477852,1.9118093010540647,1.95225778941038,0.02,0.24448016584063595,0.02,9.999999999999997e-72,0.1
8,7,1,1,0.01595848974742168,1e-09,1000000000.0,0.35355510917167143,100000000000.0,-18.51456273482772,3.9e-05,-14.721083542275329,-36.78499718055177,-42.24552364136175,0.683980198722381,1.5699831598640257,1.8657471235748395,1.2364334157319328,0.02,0.08504324129479846,0.02,9.999999999999997e-72,0.1
0,8,1,1,0.015031518699245558,1e-09,1000000000.0,0.4491981596869905,100000000000.0,-17.133613616423457,3.9e-05,-15.252611891544438,-39.7211880159262,-47.64227643549194,1.1100400017073673,1.9636499204583653,1.5013197015918416,1.3465967380887234,0.02,0.3269399019789075,0.02,9.999999999999997e-72,0.1
1,8,1,1,0.009755152533830188,1e-09,1000000000.0,0.27792898344360467,100000000000.0,-15.23150556951782,3.9e-05,-14.964665081901915,-44.21357253528715,-49.70927920573591,2.739250923177877,1.5914963767188701,1.3362065516938881,1.6752892924079454,0.02,0.18379869049841055,0.02,9.999999999999997e-72,0.1
2,8,1,1,0.006110940207666751,1e-09,1000000000.0,0.4095073625954842,100000000000.0,-16.847344838943293,3.9e-05,-14.40958732777565,-49.10518995930638,-41.5718890888134,2.090149820344327,1.894658506014167,1.63465898924055,1.2707130108312905,0.02,0.187758047469746,0.02,9.999999999999997e-72,0.1
0,9,1,1,0.007491893265911176,1e-09,1000000000.0,0.4985126392051442,100000000000.0,-17.397880406948865,3.9e-05,-15.606690557637659,-43.412119991943705,-47.49085025078025,1.6551750215550172,1.4802756699964876,1.4098001483001936,1.5584019275274066,0.02,0.3881120460792255,0.02,9.999999999999997e-72,0.1
2,9,1,1,0.008992610883980193,1e-09,1000000000.0,0.12705125572696493,100000000000.0,-15.723528787523534,3.9e-05,-14.51583947775979,-41.17181403936911,-38.56797246961242,2.8192867625365747,1.9569458426155764,1.181572584289534,1.1472595261038063,0.02,0.3942884080068332,0.02,9.999999999999997e-72,0.1
3,9,1,1,0.005705004318385542,1e-09,1000000000.0,0.3511473762795535,100000000000.0,-15.014123663749533,3.9e-05,-16.083858111491995,-37.743485294481474,-40.76006491412023,1.7223094937901207,1.8596550027507976,1.2076096115180945,1.2957068271174499,0.02,0.30716315141636324,0.02,9.999999999999997e-72,0.1
5,9,1,1,0.008357327906443512,1e-09,1000000000.0,0.28017067132748497,100000000000.0,-16.353410509268926,3.9e-05,-14.82185492265886,-41.13043631113054,-46.145669819123775,1.2402629122440443,1.89186570293081,1.9432961992544997,0.5991637535640713,0.02,0.24303660276065847,0.02,9.999999999999997e-72,0.1
7,9,1,1,0.007830676934812738,1e-09,1000000000.0,0.21279878168711244,100000000000.0,-17.95592884643446,3.9e-05,-15.316234456617044,-49.489340102135436,-34.65970502938624,1.0600180170669697,1.418191994010388,1.6254006395876304,0.6804035684102943,0.02,0.370174945620278,0.02,9.999999999999997e-72,0.1
