sim_idx,batch_idx,population_num,exp_num,particle_weight,C_OD,D,g_1,K_mu_glu,mu_max_1,S0_glu,N_1,S_glu
1,0,1,1,0.0063057806532195995,1000000000.0,0.2621873301259733,100000000000.0,3.9e-05,1.6624298975575993,0.02,0.14719592320863822,0.02
2,0,1,1,0.00878792591750828,1000000000.0,0.3831845379475167,100000000000.0,3.9e-05,2.5118424162774255,0.02,0.3423499584493947,0.02
3,0,1,1,0.009595168033787503,1000000000.0,0.3190222194593554,100000000000.0,3.9e-05,2.9164850811398173,0.02,0.34240429516886534,0.02
8,0,1,1,0.008798069927001656,1000000000.0,0.04711397492456588,100000000000.0,3.9e-05,1.522773585367224,0.02,0.24750711140662296,0.02
0,1,1,1,0.007806138974091553,1000000000.0,0.4814344423358794,100000000000.0,3.9e-05,2.1830978600301596,0.02,0.25299419945850093,0.02
3,1,1,1,0.007216457129884981,1000000000.0,0.2453171091108039,100000000000.0,3.9e-05,2.7302624437773684,0.02,0.2307027082730228,0.02
4,1,1,1,0.007563252995471132,1000000000.0,0.36696584292600615,100000000000.0,3.9e-05,1.09870164701464,0.02,0.2853538886783441,0.02
9,1,1,1,0.008099128043142797,1000000000.0,0.07646382622441694,100000000000.0,3.9e-05,1.5257380933121834,0.02,0.23957252369150117,0.02
0,2,1,1,0.008094264016164884,1000000000.0,0.29531715223413396,100000000000.0,3.9e-05,1.2262400684567505,0.02,0.04811644718085539,0.02
2,2,1,1,0.006365620667878872,1000000000.0,0.20177298297479418,100000000000.0,3.9e-05,1.7296147811804006,0.02,0.2251602907231745,0.02
8,2,1,1,0.006633446898293123,1000000000.0,0.35756174220738346,100000000000.0,3.9e-05,2.318478492669318,0.02,0.13858469955375405,0.02
0,3,1,1,0.007684840248558143,1000000000.0,0.22347553867014286,100000000000.0,3.9e-05,2.5729740934590657,0.02,0.307582390384019,0.02
1,3,1,1,0.006718910004886034,1000000000.0,0.26669532802178686,100000000000.0,3.9e-05,2.300245169781007,0.02,0.2831048728134767,0.02
3,3,1,1,0.0070114298023830485,1000000000.0,0.3038957666265634,100000000000.0,3.9e-05,1.2006673392860696,0.02,0.1078806456290779,0.02
6,3,1,1,0.0072053218448392495,1000000000.0,0.39381886118947795,100000000000.0,3.9e-05,1.008094711760359,0.02,0.21241570506280028,0.02
8,3,1,1,0.008711005657526721,1000000000.0,0.21003825532573894,100000000000.0,3.9e-05,2.870932404584773,0.02,0.10891715521529009,0.02
1,4,1,1,0.0069264359472999805,1000000000.0,0.3810069570071324,100000000000.0,3.9e-05,1.0753753415248237,0.02,0.17772299901769364,0.02
2,4,1,1,0.007771345653146655,1000000000.0,0.33096187441385805,100000000000.0,3.9e-05,1.963210532007589,0.02,0.3475502615309467,0.02
5,4,1,1,0.009162215856975364,1000000000.0,0.05177581133669464,100000000000.0,3.9e-05,2.431719815686599,0.02,0.25443197864187217,0.02
6,4,1,1,0.008805197657895314,1000000000.0,0.3928138609132114,100000000000.0,3.9e-05,1.9805116989484888,0.02,0.3593041461220792,0.02
8,4,1,1,0.008451812052936518,1000000000.0,0.05987962751704608,100000000000.0,3.9e-05,2.14592971959693,0.02,0.1619708854318022,0.02
1,5,1,1,0.012449556664655092,1000000000.0,0.4468501285855875,100000000000.0,3.9e-05,2.5033117044877233,0.02,0.3935837805020136,0.02
2,5,1,1,0.010109834165120632,1000000000.0,0.06560053649828479,100000000000.0,3.9e-05,1.7166125612790273,0.02,0.37754970600249566,0.02
5,5,1,1,0.008099191838602908,1000000000.0,0.18557852699101235,100000000000.0,3.9e-05,2.6857573734490434,0.02,0.12159833336869086,0.02
0,6,1,1,0.0072191470349765845,1000000000.0,0.1434387549386334,100000000000.0,3.9e-05,1.4552501041408146,0.02,0.25650145580797273,0.02
1,6,1,1,0.00833653480249295,1000000000.0,0.4232636902470554,100000000000.0,3.9e-05,0.8151662998002953,0.02,0.25327262589479527,0.02
2,6,1,1,0.007218001320642162,1000000000.0,0.29624843419937325,100000000000.0,3.9e-05,1.6106417726590454,0.02,0.32747427312439736,0.02
3,6,1,1,0.009992443210596806,1000000000.0,0.07395095216878442,100000000000.0,3.9e-05,0.909346045521121,0.02,0.13710017725847382,0.02
9,6,1,1,0.006447265135776493,1000000000.0,0.33748141519135005,100000000000.0,3.9e-05,1.6490971972202462,0.02,0.12721981370530194,0.02
0,7,1,1,0.009272455950818336,1000000000.0,0.1889528362708325,100000000000.0,3.9e-05,0.7426056472804645,0.02,0.07900280570807297,0.02
1,7,1,1,0.006060773804303194,1000000000.0,0.2781241707605626,100000000000.0,3.9e-05,1.812222828180527,0.02,0.18634312568202674,0.02
5,7,1,1,0.006656832518343367,1000000000.0,0.3469195018840334,100000000000.0,3.9e-05,1.3020416663582801,0.02,0.24639504366704051,0.02
6,7,1,1,0.0085236974323792,1000000000.0,0.4751436208099152,100000000000.0,3.9e-05,2.8734680971154223,0.02,0.15155189024843727,0.02
7,7,1,1,0.0062718872873266125,1000000000.0,0.2649793691519282,100000000000.0,3.9e-05,1.4339017755364862,0.02,0.20167600644937594,0.02
3,8,1,1,0.008997007113078425,1000000000.0,0.4431721361244415,100000000000.0,3.9e-05,2.9927756245536963,0.02,0.11643577771713526,0.02
4,8,1,1,0.009139493079017574,1000000000.0,0.21480593418309724,100000000000.0,3.9e-05,1.136394130065506,0.02,0.3735217068864186,0.02
6,8,1,1,0.013201605096020311,1000000000.0,0.030263062668684337,100000000000.0,3.9e-05,0.6075815948349614,0.02,0.2345665302336494,0.02
8,8,1,1,0.007673282923518862,1000000000.0,0.11839074035658365,100000000000.0,3.9e-05,2.1292564194044554,0.02,0.29251301774909877,0.02
1,9,1,1,0.012715188712513648,1000000000.0,0.33302401926300623,100000000000.0,3.9e-05,0.40107091784890136,0.02,0.37238184046897865,0.02
4,9,1,1,0.007886245666132202,1000000000.0,0.43795194550334027,100000000000.0,3.9e-05,1.1112048408970898,0.02,0.25799195071498826,0.02
6,9,1,1,0.008653090805768704,1000000000.0,0.2176783695571637,100000000000.0,3.9e-05,1.088400427796473,0.02,0.04922674535868809,0.02
8,9,1,1,0.007667404883682421,1000000000.0,0.391976441966159,100000000000.0,3.9e-05,1.976382639209133,0.02,0.3200658910394004,0.02
