sim_idx,batch_idx,population_num,exp_num,particle_weight,C_extra,C_OD,D,g_1,K_A_B_1,K_mu_glu,k_omega_B_1,kA_1,kB_max_1,mu_max_1,n_A_B_1,n_omega,omega_max,S0_glu,N_1,S_glu,B_1,A_1
0,0,1,1,0.005211899153049726,1e-09,1000000000.0,0.2841371624292115,100000000000.0,-19.733326449112873,3.9e-05,-14.483444335559566,-45.04388311555277,-43.00126992538803,0.6713840383132847,1.643319733509514,1.3498130080072082,1.6898193912213573,0.02,0.21957266855371688,0.02,9.999999999999997e-72,0.1
5,0,1,1,0.016442523170925764,1e-09,1000000000.0,0.4717969202249256,100000000000.0,-16.389137555084087,3.9e-05,-14.166077394340642,-40.06010075320299,-46.383354670491926,1.0787065490894876,1.769892673036229,1.273856456702846,1.6673183159227327,0.02,0.30359549709731226,0.02,9.999999999999997e-72,0.1
6,0,1,1,0.019142532052245285,1e-09,1000000000.0,0.053388487077615905,100000000000.0,-14.308937284042807,3.9e-05,-15.550044208837328,-48.695101967084376,-38.92232057070027,0.7593538185310038,1.5577730109246901,1.2755639870193274,1.1588073632689748,0.02,0.2385850950258639,0.02,9.999999999999997e-72,0.1
1,1,1,1,0.007524609502570807,1e-09,1000000000.0,0.29892762050278704,100000000000.0,-17.043587999304656,3.9e-05,-15.865201937493586,-36.906691994541944,-37.43058497309166,2.5155990787187323,1.9064883166807256,1.5862367871538599,1.528514451109701,0.02,0.06851280232505254,0.02,9.999999999999997e-72,0.1
2,1,1,1,0.007770810863230225,1e-09,1000000000.0,0.4774487488171243,100000000000.0,-13.816412743238082,3.9e-05,-15.19842448676718,-35.98830804836721,-50.54449340496593,1.8997283672093137,1.2767208093276523,1.139849008556228,1.6959394901790197,0.02,0.20497803262638598,0.02,9.999999999999997e-72,0.1
5,1,1,1,0.017344331940725405,1e-09,1000000000.0,0.4810454372038956,100000000000.0,-15.81815672844095,3.9e-05,-15.05336271166893,-42.63376617810648,-48.20789222282706,2.029225408971949,1.641278764911622,1.265094235432803,0.6159012562421632,0.02,0.29189316129219417,0.02,9.999999999999997e-72,0.1
6,1,1,1,0.010396337357860937,1e-09,1000000000.0,0.3921140636208488,100000000000.0,-19.275823353446157,3.9e-05,-13.940688283082174,-37.13097938246285,-44.09490744333931,1.7199302544761994,1.65401807640838,1.369181670732104,1.1262428574525263,0.02,0.20891192719579818,0.02,9.999999999999997e-72,0.1
8,1,1,1,0.01054599719751818,1e-09,1000000000.0,0.22660446198753925,100000000000.0,-14.985687549562785,3.9e-05,-15.326908098463187,-46.51251980480397,-42.28143507704542,2.3477130303040115,1.199924715454979,1.758110217310735,0.5500408885080604,0.02,0.1920240025179445,0.02,9.999999999999997e-72,0.1
9,2,1,1,0.00805809237859125,1e-09,1000000000.0,0.19943160875037888,100000000000.0,-19.46806127291059,3.9e-05,-14.636971697126492,-38.057789307464546,-49.40196239553337,1.9912690465650473,1.5673600971242654,1.8517948347659807,1.1362937124686732,0.02,0.3855730943502521,0.02,9.999999999999997e-72,0.1
2,3,1,1,0.008961211585474983,1e-09,1000000000.0,0.3669571256641895,100000000000.0,-20.04735081525491,3.9e-05,-15.119759209310473,-41.50536166500794,-48.47943456234253,0.6710695057360906,1.6741884926913628,1.6742360427544438,1.685627352776431,0.02,0.3012370917727858,0.02,9.999999999999997e-72,0.1
5,3,1,1,0.011311426075844056,1e-09,1000000000.0,0.10726065038034649,100000000000.0,-17.959248348352,3.9e-05,-14.501335384472789,-39.624274074733954,-42.39352563105129,1.0750098404135986,1.5699870590885636,1.0336298329204883,1.270873846997463,0.02,0.21047013258158406,0.02,9.999999999999997e-72,0.1
7,3,1,1,0.022592955900015397,1e-09,1000000000.0,0.30959027820654217,100000000000.0,-16.397319977358954,3.9e-05,-16.012804343762614,-34.969802306492745,-45.16648426964116,0.43564392927780216,1.8425288395058277,1.795201395909205,0.7886039505568593,0.02,0.3556469124502377,0.02,9.999999999999997e-72,0.1
9,3,1,1,0.011883293840443301,1e-09,1000000000.0,0.05227855974604087,100000000000.0,-18.92080396749686,3.9e-05,-15.183108711167762,-36.670626012147075,-34.71280111753794,1.9401438441853052,1.5762370681996356,1.0673629818774417,0.7978694416542372,0.02,0.18651786380084975,0.02,9.999999999999997e-72,0.1
0,4,1,1,0.006180104377601696,1e-09,1000000000.0,0.2535770493870555,100000000000.0,-14.090253157161893,3.9e-05,-15.302966950911436,-44.85723714943342,-45.82979599758781,2.7110213833299737,1.515298661966083,1.3398240759790918,1.678052001222725,0.02,0.042661758047031095,0.02,9.999999999999997e-72,0.1
4,4,1,1,0.006845630583981533,1e-09,1000000000.0,0.4383594093457449,100000000000.0,-18.810089358892018,3.9e-05,-15.41785947581803,-40.985986026379564,-47.34084570447768,2.7154255559832476,1.5754134887431044,1.8161439857045798,1.0559945529822494,0.02,0.26273290311767805,0.02,9.999999999999997e-72,0.1
7,4,1,1,0.01487672354720136,1e-09,1000000000.0,0.4949693491159436,100000000000.0,-17.52970445075858,3.9e-05,-15.643127437767507,-46.68332723173073,-35.110201518728104,1.2977064332529389,1.9672737595419212,1.6489000476587123,1.9972422147945226,0.02,0.33473115826648187,0.02,9.999999999999997e-72,0.1
3,5,1,1,0.005106675040152907,1e-09,1000000000.0,0.42024468452579333,100000000000.0,-18.494210447180617,3.9e-05,-15.315496745420228,-39.10074311672178,-43.91241703522617,2.0643200141737705,1.817953914823987,1.462244740643892,0.9354551739030408,0.02,0.2940975194380615,0.02,9.999999999999997e-72,0.1
4,5,1,1,0.007821001032837508,1e-09,1000000000.0,0.1393512570470134,100000000000.0,-16.551252501221875,3.9e-05,-14.376335842093177,-43.443635568999056,-45.66975662233717,2.7136605607289335,1.4078722250123379,1.6345945385663228,0.979358848665506,0.02,0.138843457939463,0.02,9.999999999999997e-72,0.1
6,5,1,1,0.028802313581984162,1e-09,1000000000.0,0.42616467074457676,100000000000.0,-13.896031739523153,3.9e-05,-13.850673574736131,-36.62026509788266,-40.358785478831045,1.203193374570204,1.0457140970842014,1.5592751735902246,1.4590990120003926,0.02,0.048859567692818795,0.02,9.999999999999997e-72,0.1
7,5,1,1,0.025970249270161082,1e-09,1000000000.0,0.09302481035334265,100000000000.0,-20.1028652144216,3.9e-05,-13.98781399188325,-38.58977600393243,-49.0782881767541,0.9005495150384528,1.9595205700760168,1.2882377584392795,1.0308409961590277,0.02,0.18139186879841585,0.02,9.999999999999997e-72,0.1
8,5,1,1,0.00487436250065204,1e-09,1000000000.0,0.424502392047693,100000000000.0,-16.691653879194504,3.9e-05,-14.17995049809926,-42.66903469070176,-37.24581080901884,2.7498851469955428,1.55313595697229,1.7912748839270975,0.9791535161818702,0.02,0.36164035868013394,0.02,9.999999999999997e-72,0.1
9,5,1,1,0.019841456136858154,1e-09,1000000000.0,0.1087790148318461,100000000000.0,-18.86973204166523,3.9e-05,-14.950405430228397,-47.86330502136386,-43.18754477699033,0.4082056657580267,1.0190589608601544,1.4070675497434588,1.6430825198116137,0.02,0.13248556844367654,0.02,9.999999999999997e-72,0.1
4,6,1,1,0.010680944970556555,1e-09,1000000000.0,0.4422553378754879,100000000000.0,-16.85270849399316,3.9e-05,-15.010333299847096,-35.008439850197455,-36.44897542566842,1.0018061051999296,1.4733821599741037,1.2378779783208227,1.863181400316201,0.02,0.27465645184723936,0.02,9.999999999999997e-72,0.1
6,6,1,1,0.009321159801785368,1e-09,1000000000.0,0.33033199051444484,100000000000.0,-19.405657206451508,3.9e-05,-14.55670849853395,-47.977224443143285,-45.813088348525135,1.5059053908973263,1.6701038415072964,1.1575348416322837,1.3023943071812232,0.02,0.3973220727597476,0.02,9.999999999999997e-72,0.1
7,6,1,1,0.021897640108724043,1e-09,1000000000.0,0.46271824646976195,100000000000.0,-19.807496548039552,3.9e-05,-15.566294992584139,-47.95556478886446,-35.710183864412734,2.0792587211797686,1.346152099865978,1.2711690872942523,1.7412991812318315,0.02,0.015541114017277164,0.02,9.999999999999997e-72,0.1
2,7,1,1,0.01121499761695149,1e-09,1000000000.0,0.2867069632466203,100000000000.0,-14.53805648569589,3.9e-05,-14.27298744782818,-43.16424499438997,-38.227272577446065,1.4146322832139406,1.6107356298139042,1.8607528451244293,0.9346187663684771,0.02,0.1488175848651147,0.02,9.999999999999997e-72,0.1
3,7,1,1,0.008211734019086087,1e-09,1000000000.0,0.048279329831543094,100000000000.0,-17.23742758036947,3.9e-05,-15.274242657814073,-48.689100256627164,-44.36315647801186,0.8474991076897307,1.898818823704011,1.4890071034960228,1.4382062545883452,0.02,0.11996930831543809,0.02,9.999999999999997e-72,0.1
9,7,1,1,0.018286255447371624,1e-09,1000000000.0,0.27966351450133803,100000000000.0,-14.182210557852292,3.9e-05,-16.05364656813854,-41.57844727932765,-39.37534762764269,0.5511581931162388,1.0636506053143844,1.550671530899588,1.4715830072809266,0.02,0.24566805642474562,0.02,9.999999999999997e-72,0.1
5,8,1,1,0.02444329595463443,1e-09,1000000000.0,0.04356315783093245,100000000000.0,-17.591605391064995,3.9e-05,-15.656288090714288,-47.912908163032476,-48.52177774724697,1.794235963759982,1.119523156226823,1.256961049193386,1.9122815181218766,0.02,0.2970657689993959,0.02,9.999999999999997e-72,0.1
7,8,1,1,0.008996863944944512,1e-09,1000000000.0,0.39132942956527067,100000000000.0,-16.72058985906436,3.9e-05,-15.645624801148534,-37.29324169749188,-42.8318543432058,2.6519753291635677,1.698601168261828,1.3149384021337467,0.683873919689044,0.02,0.07011089574723994,0.02,9.999999999999997e-72,0.1
9,8,1,1,0.005667187393076285,1e-09,1000000000.0,0.2815922436312797,100000000000.0,-15.774638008119753,3.9e-05,-16.08941920239182,-46.56025405779495,-45.29466770560992,1.8564205349176073,1.4720529072215838,1.2932946344107368,1.5225688552023657,0.02,0.2124140694763801,0.02,9.999999999999997e-72,0.1
9,9,1,1,0.003943402507915621,1e-09,1000000000.0,0.24362036293486217,100000000000.0,-15.779993742307546,3.9e-05,-15.481194541943243,-39.43559050930675,-35.11921781297918,1.7622396951120962,1.6774610357535864,1.6106617615253924,1.3038770406229316,0.02,0.18280795093552266,0.02,9.999999999999997e-72,0.1
