,sim_idx,batch_idx,population_num,exp_num,particle_weight,C_extra,C_OD,D,g_1,K_A_B_1,K_mu_glu,k_omega_B_1,kA_1,kB_max_1,mu_max_1,n_A_B_1,n_omega,omega_max,S0_glu,N_1,S_glu,B_1,A_1
0,6,0,1,0,0.20338401488117003,1e-09,1000000000.0,0.1679858231701674,100000000000.0,-20.175809262314285,3.9e-05,-15.23727466998952,-41.87474960873557,-42.92437563013245,0.8908534173391989,1.249020946798857,1.8966072177820124,0.5430609849045572,0.02,0.02764393354931427,0.02,9.999999999999995e-72,0.1
1,1,1,1,0,0.08125457969553673,1e-09,1000000000.0,0.1835989460588996,100000000000.0,-16.10030155118416,3.9e-05,-15.170250143067982,-40.636851376972615,-41.25437259542215,0.4927909451023608,1.9602229187434448,1.624060649844027,1.273569383942999,0.02,0.21671673504447925,0.02,9.999999999999995e-72,0.1
2,3,1,1,0,0.026324706995638523,1e-09,1000000000.0,0.33430460442159715,100000000000.0,-19.34412296965136,3.9e-05,-14.72631260964921,-49.94229088546253,-39.05890252214674,2.4277225223169148,1.860452234160304,1.0890758609418405,1.8405976269137143,0.02,0.2765176425571304,0.02,9.999999999999995e-72,0.1
3,7,1,1,0,0.8968908146810645,1e-09,1000000000.0,0.4512704765849287,100000000000.0,-16.325576979019235,3.9e-05,-15.401690140108052,-40.777607468619046,-49.980101192470855,0.9058731455521972,1.6143874756068117,1.1668058531963177,1.5003612052286266,0.02,0.32789078953659045,0.02,9.999999999999995e-72,0.1
4,0,2,1,0,0.25292248237536297,1e-09,1000000000.0,0.0614584287507308,100000000000.0,-16.140121620438865,3.9e-05,-15.407723631535466,-41.09472979328447,-35.78908895517636,2.805334739288597,1.206899140320555,1.9080348654128465,1.556701327296832,0.02,0.29599509507597577,0.02,9.999999999999995e-72,0.1
5,1,2,1,0,0.13361986983061244,1e-09,1000000000.0,0.10373814689353657,100000000000.0,-18.76074438297686,3.9e-05,-14.28079688104878,-48.51966690822108,-37.5212994376016,0.8144930621428994,1.866121385959148,1.7579467535328095,1.928824997894876,0.02,0.09311628862260003,0.02,9.999999999999995e-72,0.1
6,2,2,1,0,0.10084486563890321,1e-09,1000000000.0,0.2668447893614003,100000000000.0,-19.236412511045014,3.9e-05,-14.753807737850616,-36.987264533799454,-44.99421858286931,0.9758570880525164,1.1436084366560466,1.1023715646627883,1.0030394219947434,0.02,0.1600254496139677,0.02,9.999999999999995e-72,0.1
7,4,2,1,0,0.10206696148791168,1e-09,1000000000.0,0.09992925536735137,100000000000.0,-19.92483308103316,3.9e-05,-14.198642982129236,-44.18742104604685,-41.92231485019216,1.8411733661773457,1.8663448107233016,1.7573577571436068,1.8121261076956927,0.02,0.3709665231673295,0.02,9.999999999999995e-72,0.1
8,6,2,1,0,0.09521382101256905,1e-09,1000000000.0,0.19583452814681512,100000000000.0,-19.593304026286265,3.9e-05,-14.85748547643126,-48.85239972183283,-44.14395741525417,2.292822290273163,1.471881585745732,1.5236854397582391,1.3052066639652469,0.02,0.06613646020453079,0.02,9.999999999999995e-72,0.1
9,0,3,1,0,0.4176345531367701,1e-09,1000000000.0,0.3225613660863243,100000000000.0,-15.577086466458766,3.9e-05,-15.333019253423045,-38.57938048702173,-47.858701845539606,2.7566616800044006,1.2260465688259885,1.96712770530513,0.6848399944072973,0.02,0.01637118334933123,0.02,9.999999999999995e-72,0.1
10,2,3,1,0,0.5764613529314829,1e-09,1000000000.0,0.319257135663481,100000000000.0,-16.69969140539059,3.9e-05,-15.50599580553494,-39.961018606713935,-44.02221719249749,2.4005687580968784,1.10978438926468,1.9388782320263982,0.7968577763071659,0.02,0.3427566067808769,0.02,9.999999999999995e-72,0.1
11,4,3,1,0,0.07849424450067331,1e-09,1000000000.0,0.2846625729001899,100000000000.0,-18.49605767213385,3.9e-05,-14.147733250065254,-39.07922448174108,-40.056060404263,1.5940506759090651,1.5515608182397724,1.155165988432301,1.0939171658658395,0.02,0.3655184806368616,0.02,9.999999999999995e-72,0.1
12,8,3,1,0,0.6238593350202024,1e-09,1000000000.0,0.3218071831315158,100000000000.0,-19.22111391466704,3.9e-05,-14.836773049036715,-45.90035573786458,-49.51547118140407,1.3052770725883192,1.062807182441334,1.1999004025547932,1.9502245541376064,0.02,0.3105352288688259,0.02,9.999999999999995e-72,0.1
13,1,4,1,0,0.029336840357238523,1e-09,1000000000.0,0.1205457954794428,100000000000.0,-18.31937220039156,3.9e-05,-14.929484882269707,-49.54040708676563,-37.992106439666095,1.468187104506391,1.9896863121128323,1.4907839723896517,1.270310522083092,0.02,0.05183942895888723,0.02,9.999999999999995e-72,0.1
14,4,4,1,0,0.1772259186498047,1e-09,1000000000.0,0.17231949590594334,100000000000.0,-16.992857925181408,3.9e-05,-15.964799108419347,-48.12032288303936,-44.154056757360955,2.4005699220361407,1.157643992727298,1.2120615619010529,0.9181937286630296,0.02,0.2708537206486865,0.02,9.999999999999995e-72,0.1
15,5,4,1,0,0.3665362272077871,1e-09,1000000000.0,0.25046047904618857,100000000000.0,-14.349132224970006,3.9e-05,-15.981874699530833,-44.459989566387996,-35.454255540588456,1.6736174916739053,1.891329303990372,1.7839404383983282,1.104718384257669,0.02,0.1063569342330809,0.02,9.999999999999995e-72,0.1
16,6,4,1,0,0.10527894335665207,1e-09,1000000000.0,0.06625654608312892,100000000000.0,-20.03039039521763,3.9e-05,-14.921301505766149,-36.149850673551796,-35.58711303295225,1.5477725665978257,1.4019501678569024,1.3803410609983722,0.6178918008772731,0.02,0.024456277889993976,0.02,9.999999999999995e-72,0.1
17,8,4,1,0,0.021720063005832766,1e-09,1000000000.0,0.2628249978562486,100000000000.0,-16.239287687380724,3.9e-05,-15.850607458769813,-38.874673163278096,-36.62023562775929,2.0056554694285227,1.0885686253724511,1.3316059555224051,0.963160823294266,0.02,0.011573304996184572,0.02,9.999999999999995e-72,0.1
18,1,5,1,0,0.0816756673461863,1e-09,1000000000.0,0.39324175314539866,100000000000.0,-17.662367292872407,3.9e-05,-14.925238059065665,-38.90649050799794,-39.529721876782546,1.8593697999555372,1.836043163015016,1.7467348678938683,1.0677432121593626,0.02,0.20390998237292066,0.02,9.999999999999995e-72,0.1
19,3,5,1,0,0.5486608870892076,1e-09,1000000000.0,0.4078419310400472,100000000000.0,-15.123581910270731,3.9e-05,-14.511947671021007,-41.391577713015096,-40.21520758317281,2.5991901052411865,1.2447049699598398,1.2231871524219242,1.1958362902280804,0.02,0.04867162618857942,0.02,9.999999999999995e-72,0.1
20,8,5,1,0,0.30024990933316387,1e-09,1000000000.0,0.3408633859387467,100000000000.0,-17.164397630292633,3.9e-05,-15.785989784407404,-36.033700267915826,-44.059739928156546,0.4162348413193993,1.8941011305118405,1.3842012585530092,1.2322937697217218,0.02,0.31665213670256703,0.02,9.999999999999995e-72,0.1
21,9,5,1,0,0.1460318752340119,1e-09,1000000000.0,0.495465848731745,100000000000.0,-18.83611158611165,3.9e-05,-15.13520231188361,-46.874942404424594,-40.53416579934989,1.5586778478622445,1.6317234396480542,1.3784921899228646,1.8052129507905081,0.02,0.3422772055397336,0.02,9.999999999999995e-72,0.1
22,3,6,1,0,0.20013741973496604,1e-09,1000000000.0,0.35870413259782896,100000000000.0,-18.502641171382717,3.9e-05,-15.951648844531267,-36.465548809874115,-45.20168274845489,1.0067185080002967,1.7320623606840246,1.5157077669941643,1.435402418237294,0.02,0.1215944942625218,0.02,9.999999999999995e-72,0.1
23,6,6,1,0,0.0,1e-09,1000000000.0,0.16234287461385338,100000000000.0,-19.51205097100939,3.9e-05,-16.101962197474744,-40.382084157502995,-43.811049547451475,1.298482035857404,1.3305438386874475,1.1202046076762415,1.1280094039591029,0.02,0.1642064758130105,0.02,9.999999999999995e-72,0.1
24,1,7,1,0,0.06164703366770148,1e-09,1000000000.0,0.049550633943623114,100000000000.0,-19.179533707799862,3.9e-05,-13.930675341510527,-41.63949737848456,-47.10528260714679,1.806856764196365,1.32087403047573,1.3355076396807868,1.4448623623772283,0.02,0.24505833441156474,0.02,9.999999999999995e-72,0.1
25,4,7,1,0,0.45850172707839854,1e-09,1000000000.0,0.30374062901220034,100000000000.0,-19.406956597191733,3.9e-05,-14.085790445182507,-40.98549049349351,-50.18695531006121,2.784910318028522,1.6105053247350312,1.1964600701734076,1.2235626365122263,0.02,0.2572711926767687,0.02,9.999999999999995e-72,0.1
26,6,7,1,0,0.09817855836389322,1e-09,1000000000.0,0.060843253069822474,100000000000.0,-14.760313473459851,3.9e-05,-15.94460825993394,-38.28320329113063,-38.11104965055818,1.4652759928945345,1.9051867315103224,1.779081402631123,1.1296310621295624,0.02,0.20139596648852606,0.02,9.999999999999995e-72,0.1
27,7,7,1,0,0.06990665527400053,1e-09,1000000000.0,0.31505517789233234,100000000000.0,-16.78293406445151,3.9e-05,-14.202803286230951,-38.690463779547144,-41.3165903609852,1.8938183735449579,1.6801999511226242,1.7613278787493334,1.2507655811219744,0.02,0.3139388413439189,0.02,9.999999999999995e-72,0.1
28,8,7,1,0,0.1992150112507818,1e-09,1000000000.0,0.17923683453056086,100000000000.0,-17.241362129012142,3.9e-05,-14.665953622254223,-35.142173845960194,-44.19026704174759,2.365486873187341,1.9517195739451227,1.3153172479662791,1.6183568532317743,0.02,0.3830595742629276,0.02,9.999999999999995e-72,0.1
29,9,7,1,0,0.10176684202646441,1e-09,1000000000.0,0.2183014277852573,100000000000.0,-20.6035503745079,3.9e-05,-14.612862070309,-47.19148296838814,-46.489895618163175,1.3263992092458805,1.8311692807165372,1.3046566862640363,1.07480331758493,0.02,0.283451554771848,0.02,9.999999999999995e-72,0.1
30,0,8,1,0,0.2816985974347903,1e-09,1000000000.0,0.4555796492691769,100000000000.0,-16.569009194445545,3.9e-05,-15.22992551787841,-41.07147359919132,-41.555721619859746,2.237963753448123,1.1780358593941032,1.391876178463102,1.4839796181141502,0.02,0.3249849689866507,0.02,9.999999999999995e-72,0.1
31,2,8,1,0,0.20781930911685195,1e-09,1000000000.0,0.11538890126488355,100000000000.0,-17.153751949445308,3.9e-05,-15.422162406330495,-41.82267876539848,-47.191394494469506,0.6628609301654871,1.6297950139179709,1.1003630393640191,1.7246688572208604,0.02,0.386834030272146,0.02,9.999999999999995e-72,0.1
32,3,8,1,0,0.039500972846893606,1e-09,1000000000.0,0.13164685944050553,100000000000.0,-16.068146789480778,3.9e-05,-15.130155723957465,-44.850701241303476,-46.26690759875321,1.4938431377125718,1.4903815508424667,1.5582727127701674,1.4130898945130488,0.02,0.12390680110187645,0.02,9.999999999999995e-72,0.1
33,5,8,1,0,0.5412759089017758,1e-09,1000000000.0,0.3427335633137445,100000000000.0,-16.244672666350567,3.9e-05,-14.026703993620794,-44.67596687905738,-41.663384298435226,0.5990656771859437,1.058785410719047,1.363024800724303,1.609174309547405,0.02,0.10814465425710297,0.02,9.999999999999995e-72,0.1
34,0,9,1,0,0.29742094977622047,1e-09,1000000000.0,0.07537784128928195,100000000000.0,-16.62644205633768,3.9e-05,-16.106851996354624,-49.88403625029502,-38.31698910428115,2.4072522842420114,1.4959173982467482,1.4407125649739292,1.8895845250245882,0.02,0.3590497353145671,0.02,9.999999999999995e-72,0.1
35,2,9,1,0,0.24415212875547274,1e-09,1000000000.0,0.2783325088238119,100000000000.0,-14.644457459102108,3.9e-05,-16.07746165558474,-40.3835899952239,-41.48737479015112,1.012455083313016,1.3626669005258785,1.391695623343237,1.1544062977708147,0.02,0.3432252148455747,0.02,9.999999999999995e-72,0.1
36,9,9,1,0,0.1069285679059635,1e-09,1000000000.0,0.13271713599790175,100000000000.0,-20.004771992367264,3.9e-05,-14.567523521526745,-43.63844892828078,-36.899529513474505,2.0447893665673944,1.411445922118021,1.7152404264752894,0.5617060623090374,0.02,0.043370808009622265,0.02,9.999999999999995e-72,0.1
0,1,0,1,2,0.24740115508512744,1e-09,1000000000.0,0.47129396526809,100000000000.0,-18.507176900241028,3.9e-05,-15.887229402964106,-37.845876061155856,-37.14361067911753,1.3738887031650922,1.9147685499248104,1.0135528859362417,1.802137663450159,0.02,0.3809627212422341,0.02,9.999999999999995e-72,0.1
1,4,0,1,2,0.006801241834507411,1e-09,1000000000.0,0.4940934765397624,100000000000.0,-14.598189750635527,3.9e-05,-14.261956817663627,-47.78454118758418,-41.13579746666554,1.4307988079741871,1.8614098686376157,1.5554597121702949,1.2359282542563306,0.02,0.16485847019471578,0.02,9.999999999999995e-72,0.1
2,5,0,1,2,0.28109298855828985,1e-09,1000000000.0,0.2504561430220583,100000000000.0,-19.277883739251326,3.9e-05,-14.28792715835429,-46.553239810012954,-44.9374952309819,1.0119808394024008,1.827364315677104,1.7774274395695209,0.6334716517749837,0.02,0.3708791277213713,0.02,9.999999999999995e-72,0.1
3,9,0,1,2,0.15974821593652289,1e-09,1000000000.0,0.016260100315420987,100000000000.0,-18.554037388744835,3.9e-05,-13.86764213666648,-37.31173257092363,-44.899068702487945,1.4358039951024286,1.2986613118108323,1.2866773530623354,1.6765221547445344,0.02,0.3229464034125261,0.02,9.999999999999995e-72,0.1
4,2,1,1,2,0.1788167568272037,1e-09,1000000000.0,0.26672983564948066,100000000000.0,-18.493973757584826,3.9e-05,-13.949247616382156,-39.26527461269021,-45.170159331288026,1.865673145066777,1.050238346290767,1.3238983755636142,1.6888661204209208,0.02,0.2837289459654945,0.02,9.999999999999995e-72,0.1
5,4,1,1,2,0.4485823801175565,1e-09,1000000000.0,0.049535367474977055,100000000000.0,-16.426324940830487,3.9e-05,-15.544814545782835,-50.458701767619935,-45.686062185883635,2.6211084833747247,1.9877776301128365,1.5088720329048804,1.4051225970327097,0.02,0.22857005604682454,0.02,9.999999999999995e-72,0.1
6,6,1,1,2,0.11552023981639857,1e-09,1000000000.0,0.3394265637977533,100000000000.0,-19.65853768735462,3.9e-05,-13.837359813077507,-40.05337433726762,-43.87870785246578,1.7172833077056249,1.542476103669978,1.0926972217488415,0.9542295556798608,0.02,0.17606069915013406,0.02,9.999999999999995e-72,0.1
7,8,1,1,2,0.06319411177606898,1e-09,1000000000.0,0.3332214858184719,100000000000.0,-16.937788207811387,3.9e-05,-14.660572323941937,-40.81847260827571,-49.402529692794495,1.209315885218917,1.6726143806211697,1.4830366633092211,0.5055108621445172,0.02,0.35253606296767537,0.02,9.999999999999995e-72,0.1
8,9,1,1,2,0.31527419452502126,1e-09,1000000000.0,0.4297783004614703,100000000000.0,-18.745058610560946,3.9e-05,-15.568092670093634,-47.69669709871626,-49.54760492010518,2.206327931038206,1.7999021254021987,1.2571443510908624,0.8860754487853804,0.02,0.3540856230305175,0.02,9.999999999999995e-72,0.1
9,0,2,1,2,0.44030810524474384,1e-09,1000000000.0,0.35902636914829145,100000000000.0,-15.256417984015277,3.9e-05,-14.63566965673707,-47.12328840929753,-40.41029124873664,1.4362573587731762,1.041708939738337,1.913566767317065,0.8042405149490991,0.02,0.18317550670037014,0.02,9.999999999999995e-72,0.1
10,3,2,1,2,0.14899810734942742,1e-09,1000000000.0,0.3288587810282749,100000000000.0,-14.001459026896956,3.9e-05,-15.575411481973305,-36.75187605783507,-48.329807162147816,0.6572942637924831,1.5557979293437103,1.3193709129589062,0.9917950768958026,0.02,0.2605971517122581,0.02,9.999999999999995e-72,0.1
11,9,2,1,2,0.09857396355656084,1e-09,1000000000.0,0.37396996958084056,100000000000.0,-13.865804352530837,3.9e-05,-14.647971777932627,-35.63975622072121,-41.739097571344864,1.3641226843624814,1.3590846727861996,1.4308176479316594,0.723317517061139,0.02,0.20102294453778266,0.02,9.999999999999995e-72,0.1
12,0,3,1,2,0.11104989601353166,1e-09,1000000000.0,0.2798416338580332,100000000000.0,-16.530377664982407,3.9e-05,-14.80908155182287,-48.816495940291674,-47.114956541544196,0.5047745704245334,1.3776304032026006,1.5130569226320958,0.5026710090164712,0.02,0.2074221623915654,0.02,9.999999999999995e-72,0.1
13,1,3,1,2,0.24814038136452682,1e-09,1000000000.0,0.4668537924867278,100000000000.0,-16.476233289133113,3.9e-05,-14.431445578316252,-43.694620727900364,-38.17198170098143,1.3288189824367196,1.164581800749565,1.6536960596412056,1.6946814362093259,0.02,0.1311833348161332,0.02,9.999999999999995e-72,0.1
14,2,3,1,2,0.12637617811562096,1e-09,1000000000.0,0.3340927343589659,100000000000.0,-17.562973149228206,3.9e-05,-14.824368541203661,-46.414570419598064,-46.843474613367405,2.564612223003816,1.8382267585847865,1.5791305872504873,1.1999592250973887,0.02,0.2863281585561103,0.02,9.999999999999995e-72,0.1
15,5,3,1,2,0.2006733976535708,1e-09,1000000000.0,0.3567682557977046,100000000000.0,-18.963135581613788,3.9e-05,-15.538005311275615,-37.39346349042468,-45.25046120447993,1.1997961820737364,1.6648990802817674,1.0476418979431328,1.4462208956852307,0.02,0.1315265553934541,0.02,9.999999999999995e-72,0.1
16,8,3,1,2,0.0589321268773927,1e-09,1000000000.0,0.3843147355584819,100000000000.0,-17.779894719386956,3.9e-05,-14.759862453537586,-36.07832861470944,-40.52130039603677,0.441856494819197,1.3353301316988595,1.381889078070082,0.7558767667163515,0.02,0.18213840671356693,0.02,9.999999999999995e-72,0.1
17,9,3,1,2,0.27780041474434336,1e-09,1000000000.0,0.04276003369290378,100000000000.0,-18.15499117624969,3.9e-05,-15.07481327288608,-45.01657494967697,-40.949496610241525,2.555289447589169,1.91455632384328,1.7192900321437803,1.3927248331973594,0.02,0.2491907652049279,0.02,9.999999999999995e-72,0.1
18,5,4,1,2,0.2477009514335033,1e-09,1000000000.0,0.05444916509142128,100000000000.0,-19.305317861106445,3.9e-05,-14.204274882146096,-39.19864518143598,-35.06174087630452,2.0396474895045262,1.8230994252991584,1.7387103957750094,1.4828946249655122,0.02,0.2430809741824123,0.02,9.999999999999995e-72,0.1
19,6,4,1,2,0.1502193572640921,1e-09,1000000000.0,0.04568564756378292,100000000000.0,-19.71889135911281,3.9e-05,-14.718125267738627,-47.85761692371255,-35.68713069929663,2.369698434096832,1.582057679222883,1.3243755920369495,1.0070696991701529,0.02,0.26550152300902524,0.02,9.999999999999995e-72,0.1
20,7,4,1,2,0.011799142668535982,1e-09,1000000000.0,0.4214565868572448,100000000000.0,-16.655073548031318,3.9e-05,-14.940247919315686,-42.740751205615226,-40.42354387328695,2.737981639974724,1.7402276877023066,1.3598729854736995,1.5111449847236933,0.02,0.13013781650003564,0.02,9.999999999999995e-72,0.1
21,9,4,1,2,0.28140372641083355,1e-09,1000000000.0,0.07402344342280143,100000000000.0,-17.029077029888708,3.9e-05,-14.376972108927035,-50.02587828884717,-43.85994046920047,2.413544386491496,1.3393569922690214,1.586265193898048,0.9435298112318162,0.02,0.35013552006893545,0.02,9.999999999999995e-72,0.1
22,1,5,1,2,0.24587528793815955,1e-09,1000000000.0,0.22164100446290172,100000000000.0,-18.31503016187704,3.9e-05,-15.661899740984733,-49.798281108267965,-50.53781650596956,0.4678265280062127,1.5716457755276387,1.5656302325261608,1.2407292062384634,0.02,0.17403350018432134,0.02,9.999999999999995e-72,0.1
23,3,5,1,2,0.11563341833425186,1e-09,1000000000.0,0.1658472350245419,100000000000.0,-16.725905517666384,3.9e-05,-15.840481158391727,-41.24339351633897,-36.89610283606638,1.5202262658469794,1.7327951967095698,1.3309104613882456,1.9246810383548307,0.02,0.1953698057325624,0.02,9.999999999999995e-72,0.1
24,8,5,1,2,0.12717931775963373,1e-09,1000000000.0,0.14153119629216754,100000000000.0,-15.905569456254206,3.9e-05,-15.016420629566216,-46.34778307812922,-43.99183069933404,2.208861621759632,1.2914126695822794,1.0077918835949868,1.0700152588167988,0.02,0.0696229821283077,0.02,9.999999999999995e-72,0.1
25,9,5,1,2,0.20653959763557966,1e-09,1000000000.0,0.032245133704772944,100000000000.0,-17.781655883925094,3.9e-05,-14.42460696262149,-39.125466831916334,-46.587430811931426,0.4713805576567047,1.322596662019614,1.8366464412744956,0.7906728916038315,0.02,0.040897351056255034,0.02,9.999999999999995e-72,0.1
26,1,6,1,2,0.0993643308484705,1e-09,1000000000.0,0.3339245789944006,100000000000.0,-14.305974978966345,3.9e-05,-14.868502971331797,-38.06959109710368,-45.72648151499187,0.4293400626547988,1.4526569553163469,1.132263832896855,1.5839721230431034,0.02,0.3589053450599703,0.02,9.999999999999995e-72,0.1
27,7,6,1,2,0.07672817941860223,1e-09,1000000000.0,0.17942266297159273,100000000000.0,-15.289712007998958,3.9e-05,-14.754982129049823,-42.13019877951396,-46.91762216837386,1.2874523037733638,1.43973273578753,1.2490995580800168,1.360825464072691,0.02,0.02166075017252389,0.02,9.999999999999995e-72,0.1
28,8,6,1,2,0.08904311885375904,1e-09,1000000000.0,0.2524153995458149,100000000000.0,-19.055076913947907,3.9e-05,-14.538318431896613,-41.83221131345043,-47.64616109891425,1.2568280371361258,1.9368388297627381,1.033124223240701,1.0410483928650447,0.02,0.14706242671119826,0.02,9.999999999999995e-72,0.1
29,9,6,1,2,0.24001649715359052,1e-09,1000000000.0,0.4149571474952416,100000000000.0,-20.522159569402078,3.9e-05,-14.38454807678032,-40.781221252595955,-40.08592147666446,0.6687656931533297,1.255909745780215,1.7142337262079193,1.4470458142793796,0.02,0.3100578073856443,0.02,9.999999999999995e-72,0.1
30,0,7,1,2,0.08249415716798932,1e-09,1000000000.0,0.23379630864505654,100000000000.0,-17.769706131575923,3.9e-05,-15.605614843388713,-41.159483847280434,-40.35212395382303,1.223767226259935,1.304924734865808,1.317789929184657,1.2767322180313625,0.02,0.10030803526036848,0.02,9.999999999999995e-72,0.1
31,3,7,1,2,0.11232102529037578,1e-09,1000000000.0,0.3286250118915695,100000000000.0,-15.884393897476006,3.9e-05,-14.378659889982512,-44.08668962621173,-48.523823725478614,2.224663031789769,1.1770574162855396,1.4822205028445452,1.2093214997072717,0.02,0.37656562944278016,0.02,9.999999999999995e-72,0.1
32,6,7,1,2,0.05938845043995895,1e-09,1000000000.0,0.2716287369604884,100000000000.0,-17.2163021734935,3.9e-05,-15.776536298050502,-43.76150137668684,-38.85987294749104,1.1900633440407733,1.5755383676834729,1.0959994863951292,0.7792599218338498,0.02,0.2604014220704657,0.02,9.999999999999995e-72,0.1
33,7,7,1,2,0.14593219546962924,1e-09,1000000000.0,0.2983332060189356,100000000000.0,-13.86587577541316,3.9e-05,-15.100619946455815,-46.570262671258966,-39.85403798670818,1.8241617396258982,1.1731189532876398,1.5856571726001905,1.228298874735072,0.02,0.2898257307022425,0.02,9.999999999999995e-72,0.1
34,8,7,1,2,0.07564978314263089,1e-09,1000000000.0,0.3063783730923058,100000000000.0,-15.610755237262056,3.9e-05,-14.396402210979529,-41.39727655119799,-36.80479945321715,2.5377089822447263,1.5546972473229328,1.7556058133241408,1.6516025754394057,0.02,0.2912489373752055,0.02,9.999999999999995e-72,0.1
35,2,8,1,2,0.334366409557874,1e-09,1000000000.0,0.44073015845388747,100000000000.0,-16.00289309512052,3.9e-05,-14.35264530382823,-46.10393619337183,-49.345946844812815,1.3657768022916723,1.5864579512742811,1.7991512424466016,1.2661583277294546,0.02,0.08770237283118361,0.02,9.999999999999995e-72,0.1
36,5,8,1,2,0.03222404095546532,1e-09,1000000000.0,0.22499585651112008,100000000000.0,-17.31778250838135,3.9e-05,-14.831359793854912,-42.82720085045574,-50.17641222478375,1.4171824837207767,1.4328775011625647,1.395534148298314,1.1108266553003414,0.02,0.1869137471968828,0.02,9.999999999999995e-72,0.1
37,7,8,1,2,0.4049376593933381,1e-09,1000000000.0,0.20060710569639625,100000000000.0,-18.75263950160241,3.9e-05,-15.68621121401633,-38.871583733890034,-43.26517046777782,2.667820659058578,1.146962036183779,1.7142654291349957,1.2735746825175578,0.02,0.08729307201298052,0.02,9.999999999999995e-72,0.1
38,8,8,1,2,0.28270018502690897,1e-09,1000000000.0,0.2261956448975388,100000000000.0,-15.120236854272768,3.9e-05,-15.486795441535282,-39.11088937605228,-49.544147127929385,1.9766593449805858,1.8956121336744944,1.7570213988307333,1.3613125525946843,0.02,0.13393150030320625,0.02,9.999999999999995e-72,0.1
39,3,9,1,2,0.13983869073695032,1e-09,1000000000.0,0.3421567575163938,100000000000.0,-17.792160339124468,3.9e-05,-15.14171459055876,-42.05846207472696,-35.09968446179174,2.4401718153456216,1.2286341671533378,1.7113660608737566,1.186997801404131,0.02,0.3140502231885593,0.02,9.999999999999995e-72,0.1
40,4,9,1,2,0.47693012800193013,1e-09,1000000000.0,0.4849455951788234,100000000000.0,-16.51755774001001,3.9e-05,-15.783883413061064,-39.45029146169005,-46.795730616980045,1.2952527069539026,1.7052297335904665,1.5950499404866572,1.8645517456150595,0.02,0.044196235029855424,0.02,9.999999999999995e-72,0.1
41,5,9,1,2,0.11782129490864154,1e-09,1000000000.0,0.09039930923058644,100000000000.0,-17.348448329349736,3.9e-05,-14.788100895605211,-35.07906931379704,-37.99406783427005,1.718711994916736,1.3796106292642392,1.6457765634843375,0.6462644567632255,0.02,0.31065495325337744,0.02,9.999999999999995e-72,0.1
42,9,9,1,2,0.9844053242752739,1e-09,1000000000.0,0.3276409291283677,100000000000.0,-19.076171350184048,3.9e-05,-15.892939510506636,-34.95266952674648,-37.66118813909087,0.9912786168221004,1.0285159328612279,1.069883998402458,1.6455470072862155,0.02,0.3304651851789248,0.02,9.999999999999995e-72,0.1
0,0,0,1,1,0.08824781778122683,1e-09,1000000000.0,0.2841371624292115,100000000000.0,-19.733326449112877,3.9e-05,-14.483444335559563,-45.04388311555277,-43.00126992538803,0.6713840383132847,1.643319733509514,1.3498130080072082,1.6898193912213573,0.02,0.21957266855371688,0.02,9.999999999999995e-72,0.1
1,5,0,1,1,0.5223031832273674,1e-09,1000000000.0,0.4717969202249256,100000000000.0,-16.389137555084087,3.9e-05,-14.166077394340642,-40.06010075320299,-46.38335467049193,1.0787065490894876,1.769892673036229,1.273856456702846,1.6673183159227327,0.02,0.30359549709731226,0.02,9.999999999999995e-72,0.1
2,6,0,1,1,0.6266565423838617,1e-09,1000000000.0,0.05338848707761591,100000000000.0,-14.308937284042807,3.9e-05,-15.550044208837328,-48.695101967084376,-38.92232057070027,0.7593538185310038,1.55777301092469,1.2755639870193274,1.1588073632689748,0.02,0.2385850950258639,0.02,9.999999999999995e-72,0.1
3,1,1,1,1,0.1776323732907517,1e-09,1000000000.0,0.29892762050278704,100000000000.0,-17.043587999304656,3.9e-05,-15.865201937493586,-36.90669199454194,-37.430584973091655,2.5155990787187323,1.9064883166807256,1.58623678715386,1.5285144511097009,0.02,0.06851280232505254,0.02,9.999999999999995e-72,0.1
4,2,1,1,1,0.18714787495871438,1e-09,1000000000.0,0.4774487488171243,100000000000.0,-13.816412743238082,3.9e-05,-15.19842448676718,-35.98830804836721,-50.54449340496593,1.8997283672093137,1.2767208093276523,1.139849008556228,1.6959394901790197,0.02,0.204978032626386,0.02,9.999999999999995e-72,0.1
5,5,1,1,1,0.5571574294842861,1e-09,1000000000.0,0.4810454372038956,100000000000.0,-15.81815672844095,3.9e-05,-15.05336271166893,-42.63376617810648,-48.20789222282706,2.029225408971949,1.6412787649116218,1.265094235432803,0.6159012562421632,0.02,0.29189316129219417,0.02,9.999999999999995e-72,0.1
6,6,1,1,1,0.2886225446032054,1e-09,1000000000.0,0.3921140636208488,100000000000.0,-19.27582335344616,3.9e-05,-13.940688283082176,-37.13097938246285,-44.09490744333931,1.7199302544761994,1.65401807640838,1.3691816707321038,1.1262428574525265,0.02,0.20891192719579815,0.02,9.999999999999995e-72,0.1
7,8,1,1,1,0.2944067874281488,1e-09,1000000000.0,0.22660446198753925,100000000000.0,-14.985687549562785,3.9e-05,-15.326908098463187,-46.51251980480397,-42.28143507704542,2.3477130303040115,1.199924715454979,1.758110217310735,0.5500408885080604,0.02,0.1920240025179445,0.02,9.999999999999995e-72,0.1
8,9,2,1,1,0.1982510944180667,1e-09,1000000000.0,0.19943160875037888,100000000000.0,-19.46806127291059,3.9e-05,-14.63697169712649,-38.057789307464546,-49.401962395533374,1.9912690465650476,1.5673600971242654,1.8517948347659807,1.1362937124686732,0.02,0.3855730943502521,0.02,9.999999999999995e-72,0.1
9,2,3,1,1,0.2331559881053085,1e-09,1000000000.0,0.3669571256641895,100000000000.0,-20.04735081525491,3.9e-05,-15.119759209310471,-41.50536166500794,-48.479434562342526,0.6710695057360906,1.6741884926913628,1.6742360427544438,1.685627352776431,0.02,0.3012370917727858,0.02,9.999999999999995e-72,0.1
10,5,3,1,1,0.3239900510986212,1e-09,1000000000.0,0.10726065038034648,100000000000.0,-17.959248348352002,3.9e-05,-14.501335384472787,-39.624274074733954,-42.39352563105129,1.0750098404135986,1.5699870590885636,1.0336298329204885,1.270873846997463,0.02,0.21047013258158406,0.02,9.999999999999995e-72,0.1
11,7,3,1,1,0.7600128885498497,1e-09,1000000000.0,0.30959027820654217,100000000000.0,-16.397319977358954,3.9e-05,-16.012804343762614,-34.969802306492745,-45.16648426964116,0.43564392927780216,1.842528839505828,1.795201395909205,0.7886039505568593,0.02,0.3556469124502377,0.02,9.999999999999995e-72,0.1
12,9,3,1,1,0.34609231996230067,1e-09,1000000000.0,0.05227855974604087,100000000000.0,-18.92080396749686,3.9e-05,-15.183108711167762,-36.67062601214708,-34.71280111753794,1.9401438441853047,1.5762370681996356,1.0673629818774415,0.7978694416542372,0.02,0.18651786380084973,0.02,9.999999999999995e-72,0.1
13,0,4,1,1,0.1256682382227659,1e-09,1000000000.0,0.2535770493870555,100000000000.0,-14.090253157161891,3.9e-05,-15.302966950911436,-44.85723714943342,-45.829795997587816,2.7110213833299737,1.515298661966083,1.3398240759790918,1.6780520012227251,0.02,0.042661758047031095,0.02,9.999999999999995e-72,0.1
14,4,4,1,1,0.1513903370361866,1e-09,1000000000.0,0.4383594093457449,100000000000.0,-18.810089358892018,3.9e-05,-15.417859475818029,-40.98598602637957,-47.34084570447768,2.715425555983248,1.5754134887431044,1.81614398570458,1.0559945529822494,0.02,0.26273290311767805,0.02,9.999999999999995e-72,0.1
15,7,4,1,1,0.4617861784011599,1e-09,1000000000.0,0.4949693491159436,100000000000.0,-17.52970445075858,3.9e-05,-15.643127437767507,-46.68332723173073,-35.110201518728104,1.2977064332529389,1.9672737595419207,1.6489000476587123,1.9972422147945224,0.02,0.3347311582664819,0.02,9.999999999999995e-72,0.1
16,3,5,1,1,0.08418098314189817,1e-09,1000000000.0,0.4202446845257933,100000000000.0,-18.494210447180613,3.9e-05,-15.315496745420226,-39.10074311672178,-43.91241703522617,2.0643200141737705,1.817953914823987,1.462244740643892,0.9354551739030408,0.02,0.2940975194380615,0.02,9.999999999999995e-72,0.1
17,4,5,1,1,0.1890876881316972,1e-09,1000000000.0,0.1393512570470134,100000000000.0,-16.551252501221875,3.9e-05,-14.376335842093177,-43.44363556899905,-45.66975662233717,2.713660560728933,1.407872225012338,1.6345945385663228,0.9793588486655059,0.02,0.138843457939463,0.02,9.999999999999995e-72,0.1
18,6,5,1,1,1.0,1e-09,1000000000.0,0.4261646707445768,100000000000.0,-13.896031739523153,3.9e-05,-13.850673574736133,-36.62026509788266,-40.358785478831045,1.2031933745702041,1.0457140970842014,1.5592751735902246,1.4590990120003926,0.02,0.0488595676928188,0.02,9.999999999999995e-72,0.1
19,7,5,1,1,0.8905427954957197,1e-09,1000000000.0,0.09302481035334263,100000000000.0,-20.102865214421602,3.9e-05,-13.987813991883248,-38.58977600393243,-49.0782881767541,0.9005495150384528,1.9595205700760168,1.2882377584392797,1.0308409961590277,0.02,0.18139186879841585,0.02,9.999999999999995e-72,0.1
20,8,5,1,1,0.0752022742054877,1e-09,1000000000.0,0.42450239204769297,100000000000.0,-16.691653879194504,3.9e-05,-14.17995049809926,-42.66903469070176,-37.24581080901885,2.7498851469955428,1.55313595697229,1.7912748839270975,0.9791535161818702,0.02,0.3616403586801339,0.02,9.999999999999995e-72,0.1
21,9,5,1,1,0.6536694446484969,1e-09,1000000000.0,0.1087790148318461,100000000000.0,-18.86973204166523,3.9e-05,-14.950405430228395,-47.86330502136386,-43.18754477699033,0.4082056657580267,1.0190589608601544,1.4070675497434588,1.6430825198116137,0.02,0.13248556844367654,0.02,9.999999999999995e-72,0.1
22,4,6,1,1,0.2996224196894622,1e-09,1000000000.0,0.4422553378754879,100000000000.0,-16.85270849399316,3.9e-05,-15.010333299847096,-35.00843985019745,-36.44897542566842,1.0018061051999296,1.4733821599741035,1.2378779783208227,1.8631814003162008,0.02,0.27465645184723936,0.02,9.999999999999995e-72,0.1
23,6,6,1,1,0.2470677221570944,1e-09,1000000000.0,0.33033199051444484,100000000000.0,-19.405657206451508,3.9e-05,-14.55670849853395,-47.97722444314329,-45.81308834852514,1.5059053908973263,1.6701038415072964,1.1575348416322837,1.3023943071812232,0.02,0.3973220727597476,0.02,9.999999999999995e-72,0.1
24,7,6,1,1,0.7331394441705301,1e-09,1000000000.0,0.462718246469762,100000000000.0,-19.807496548039552,3.9e-05,-15.56629499258414,-47.95556478886446,-35.71018386441273,2.0792587211797686,1.3461520998659782,1.2711690872942525,1.7412991812318317,0.02,0.015541114017277162,0.02,9.999999999999995e-72,0.1
25,2,7,1,1,0.32026316202305444,1e-09,1000000000.0,0.2867069632466203,100000000000.0,-14.538056485695892,3.9e-05,-14.27298744782818,-43.164244994389975,-38.22727257744607,1.4146322832139406,1.6107356298139042,1.8607528451244293,0.9346187663684772,0.02,0.1488175848651147,0.02,9.999999999999995e-72,0.1
26,3,7,1,1,0.20418923091934935,1e-09,1000000000.0,0.04827932983154309,100000000000.0,-17.23742758036947,3.9e-05,-15.27424265781407,-48.68910025662717,-44.36315647801186,0.8474991076897307,1.898818823704011,1.4890071034960228,1.4382062545883452,0.02,0.11996930831543808,0.02,9.999999999999995e-72,0.1
27,9,7,1,1,0.5935620808419367,1e-09,1000000000.0,0.27966351450133803,100000000000.0,-14.182210557852292,3.9e-05,-16.05364656813854,-41.57844727932765,-39.37534762764269,0.5511581931162388,1.0636506053143844,1.5506715308995882,1.4715830072809266,0.02,0.2456680564247456,0.02,9.999999999999995e-72,0.1
28,5,8,1,1,0.8315271719350742,1e-09,1000000000.0,0.04356315783093245,100000000000.0,-17.591605391064995,3.9e-05,-15.656288090714288,-47.912908163032476,-48.52177774724697,1.794235963759982,1.119523156226823,1.256961049193386,1.9122815181218769,0.02,0.2970657689993959,0.02,9.999999999999995e-72,0.1
29,7,8,1,1,0.2345339255996037,1e-09,1000000000.0,0.39132942956527067,100000000000.0,-16.72058985906436,3.9e-05,-15.645624801148536,-37.29324169749189,-42.8318543432058,2.651975329163568,1.698601168261828,1.314938402133747,0.6838739196890439,0.02,0.07011089574723994,0.02,9.999999999999995e-72,0.1
30,9,8,1,1,0.10584437368885062,1e-09,1000000000.0,0.2815922436312797,100000000000.0,-15.774638008119753,3.9e-05,-16.08941920239182,-46.56025405779495,-45.294667705609925,1.8564205349176075,1.4720529072215838,1.2932946344107368,1.5225688552023655,0.02,0.2124140694763801,0.02,9.999999999999995e-72,0.1
31,9,9,1,1,0.03922135460389243,1e-09,1000000000.0,0.24362036293486214,100000000000.0,-15.779993742307544,3.9e-05,-15.481194541943244,-39.43559050930675,-35.11921781297918,1.7622396951120962,1.6774610357535864,1.6106617615253924,1.3038770406229316,0.02,0.18280795093552266,0.02,9.999999999999995e-72,0.1
