,sim_idx,batch_idx,population_num,exp_num,particle_weight,C_OD,D,g_1,K_mu_glu,mu_max_1,S0_glu,N_1,S_glu
0,0,0,1,0,0.04118391703262446,1000000000.0,0.4038295556347118,100000000000.0,3.9e-05,1.9400874336051024,0.02,0.1529851686547829,0.02
1,2,0,1,0,0.09188765062764058,1000000000.0,0.17769618630679168,100000000000.0,3.9e-05,2.6882114337235667,0.02,0.3536375977279645,0.02
2,3,0,1,0,0.055654092721318785,1000000000.0,0.3889366862619119,100000000000.0,3.9e-05,0.9920193239717879,0.02,0.13058839443043724,0.02
3,4,0,1,0,0.07095103768740788,1000000000.0,0.05089337023283618,100000000000.0,3.9e-05,2.2477712418054567,0.02,0.1603244213372108,0.02
4,7,0,1,0,0.0968975522470736,1000000000.0,0.4394901976089773,100000000000.0,3.9e-05,1.207113878468522,0.02,0.07443210415439168,0.02
5,8,0,1,0,0.078555712179722,1000000000.0,0.03786810108485125,100000000000.0,3.9e-05,1.437169322145454,0.02,0.15205180036046054,0.02
6,9,0,1,0,0.07423459937646329,1000000000.0,0.12011650489796577,100000000000.0,3.9e-05,1.7183983748353693,0.02,0.05436094354208265,0.02
7,0,1,1,0,0.04869683639984533,1000000000.0,0.27317507742263125,100000000000.0,3.9e-05,1.843682236065012,0.02,0.3780129936351344,0.02
8,2,1,1,0,0.10108220947083997,1000000000.0,0.4719451657646366,100000000000.0,3.9e-05,0.9900944115404052,0.02,0.26439857884304585,0.02
9,4,1,1,0,0.013790486289927694,1000000000.0,0.2605625608839772,100000000000.0,3.9e-05,1.5360737337716297,0.02,0.12226795663728107,0.02
10,8,1,1,0,0.17004849601819153,1000000000.0,0.4298101506147577,100000000000.0,3.9e-05,0.6934685060669692,0.02,0.04324241738760884,0.02
11,9,1,1,0,0.06015685292867938,1000000000.0,0.235095118611435,100000000000.0,3.9e-05,1.4810072621810773,0.02,0.3955333546967923,0.02
12,3,2,1,0,0.1379258173091097,1000000000.0,0.06344899472387516,100000000000.0,3.9e-05,2.347603191851509,0.02,0.3759155536045524,0.02
13,5,2,1,0,0.06416186081693041,1000000000.0,0.078533504179634,100000000000.0,3.9e-05,2.2381998562189103,0.02,0.12637028255141175,0.02
14,8,2,1,0,0.14086459763048806,1000000000.0,0.3455910548316588,100000000000.0,3.9e-05,0.5287726865366301,0.02,0.055851145196116135,0.02
15,9,2,1,0,0.01666563161482056,1000000000.0,0.2727934712732838,100000000000.0,3.9e-05,1.3369985954790258,0.02,0.12818014495285285,0.02
16,1,3,1,0,0.06213050828632967,1000000000.0,0.09360327051748757,100000000000.0,3.9e-05,2.4611938206441795,0.02,0.27746607414282537,0.02
17,3,3,1,0,0.0,1000000000.0,0.2636414175876106,100000000000.0,3.9e-05,1.6327057550175816,0.02,0.23696261431662616,0.02
18,6,3,1,0,0.1580658579089996,1000000000.0,0.4462507092889495,100000000000.0,3.9e-05,2.7198900484216524,0.02,0.3115093712576106,0.02
19,7,3,1,0,0.052963190364825004,1000000000.0,0.3291389193234342,100000000000.0,3.9e-05,0.6613567866639681,0.02,0.23957336533182094,0.02
20,9,3,1,0,0.030914946405815713,1000000000.0,0.2896219060419166,100000000000.0,3.9e-05,1.3208159900620609,0.02,0.3386054803823427,0.02
21,0,4,1,0,0.05490045757762038,1000000000.0,0.3261554275756313,100000000000.0,3.9e-05,2.5669397555630797,0.02,0.1411881732026334,0.02
22,2,4,1,0,0.032819687173715646,1000000000.0,0.3289038606353575,100000000000.0,3.9e-05,1.5697047941011797,0.02,0.3363691384931567,0.02
23,7,4,1,0,0.07077211412553895,1000000000.0,0.3233901398044756,100000000000.0,3.9e-05,1.6924853883617073,0.02,0.029834118628596057,0.02
24,9,4,1,0,0.035245363621525985,1000000000.0,0.10562895550239293,100000000000.0,3.9e-05,1.5205702871405138,0.02,0.2807082887326027,0.02
25,0,5,1,0,0.08570047109682503,1000000000.0,0.3446953992815733,100000000000.0,3.9e-05,0.9068794944613314,0.02,0.3718580819651545,0.02
26,2,5,1,0,0.04769238429480282,1000000000.0,0.34065065619191737,100000000000.0,3.9e-05,2.560759918339701,0.02,0.2106176815255236,0.02
27,4,5,1,0,0.07386805936806254,1000000000.0,0.21586110727750332,100000000000.0,3.9e-05,1.0671798082638486,0.02,0.3897368778690004,0.02
28,5,5,1,0,0.1283467260646893,1000000000.0,0.2098255456023188,100000000000.0,3.9e-05,0.5210853328387433,0.02,0.38206120960567264,0.02
29,6,5,1,0,0.02701069100102444,1000000000.0,0.2231571745666572,100000000000.0,3.9e-05,2.516813651832128,0.02,0.2175808936972312,0.02
30,0,6,1,0,0.14648809089132284,1000000000.0,0.4249890686551424,100000000000.0,3.9e-05,0.5445716487748462,0.02,0.3328182600495192,0.02
31,2,6,1,0,0.0688456268224009,1000000000.0,0.4125973140715569,100000000000.0,3.9e-05,1.5693063407380086,0.02,0.33850098650926463,0.02
32,5,6,1,0,0.1837510390077477,1000000000.0,0.4791358155632333,100000000000.0,3.9e-05,2.3395449841882643,0.02,0.35950194625688897,0.02
33,7,6,1,0,0.027488367541402797,1000000000.0,0.12535117698705553,100000000000.0,3.9e-05,1.3800840028587529,0.02,0.16865812640323422,0.02
34,8,6,1,0,0.07651049115624868,1000000000.0,0.380569176244924,100000000000.0,3.9e-05,2.0699186006688697,0.02,0.06169970353532176,0.02
35,9,6,1,0,0.10510208429488165,1000000000.0,0.483014603952334,100000000000.0,3.9e-05,1.646439869062146,0.02,0.10175779441389303,0.02
36,0,7,1,0,0.015201149943932483,1000000000.0,0.17594082285912666,100000000000.0,3.9e-05,1.8104017804508212,0.02,0.13811584576135585,0.02
37,1,8,1,0,0.030483873043577612,1000000000.0,0.18813833502734112,100000000000.0,3.9e-05,0.9326772426847484,0.02,0.2561800437405292,0.02
38,4,8,1,0,0.03651993617099584,1000000000.0,0.20037959142129166,100000000000.0,3.9e-05,1.898630201650912,0.02,0.3530389550490631,0.02
39,6,8,1,0,0.11432668974480541,1000000000.0,0.043677600547284263,100000000000.0,3.9e-05,2.176202266823906,0.02,0.0786250538932316,0.02
40,8,8,1,0,0.13794921751014522,1000000000.0,0.3231049862164378,100000000000.0,3.9e-05,0.5816073031716302,0.02,0.39568183004935137,0.02
41,9,8,1,0,0.022124668498519573,1000000000.0,0.2930709764761148,100000000000.0,3.9e-05,2.1104723445338993,0.02,0.3022835062441741,0.02
42,1,9,1,0,0.1593521611069781,1000000000.0,0.03807867429759215,100000000000.0,3.9e-05,1.7622360619436206,0.02,0.03268696634664766,0.02
43,5,9,1,0,0.04346653217611323,1000000000.0,0.1648947967177735,100000000000.0,3.9e-05,2.618837295919104,0.02,0.24653561608822736,0.02
44,6,9,1,0,0.018019324312018845,1000000000.0,0.3164341405839657,100000000000.0,3.9e-05,2.2239588986658685,0.02,0.2224794890648686,0.02
45,7,9,1,0,0.04492745994900967,1000000000.0,0.1390641637562674,100000000000.0,3.9e-05,2.1355566193558446,0.02,0.09943860858080313,0.02
46,8,9,1,0,0.023764415097933214,1000000000.0,0.11422294700071806,100000000000.0,3.9e-05,1.937424207978836,0.02,0.19468404053616767,0.02
47,0,10,1,0,0.007950920281914735,1000000000.0,0.16903095411867106,100000000000.0,3.9e-05,1.5509896474284932,0.02,0.19922443993289646,0.02
0,0,0,1,2,0.12536471863398074,1000000000.0,0.37003972133858004,100000000000.0,3.9e-05,2.3594602571745167,0.02,0.08736842585808466,0.02
1,3,0,1,2,1.0,1000000000.0,0.045500551757956816,100000000000.0,3.9e-05,1.6737584656299342,0.02,0.3851615081391751,0.02
2,8,0,1,2,0.05788463529754451,1000000000.0,0.2754620891557913,100000000000.0,3.9e-05,0.9937949330999704,0.02,0.1095746796956941,0.02
3,3,1,1,2,0.2804975244284864,1000000000.0,0.3271849234541129,100000000000.0,3.9e-05,2.24883874403425,0.02,0.30650806154348503,0.02
4,7,1,1,2,0.16907783174255475,1000000000.0,0.21703190737600594,100000000000.0,3.9e-05,2.460836116019535,0.02,0.2443813936847047,0.02
5,1,2,1,2,0.16305133239278263,1000000000.0,0.18201445416070067,100000000000.0,3.9e-05,0.7471265766709358,0.02,0.2413693271976096,0.02
6,4,2,1,2,0.15524418335897142,1000000000.0,0.1505761907410681,100000000000.0,3.9e-05,2.1580758898363834,0.02,0.2497690766112975,0.02
7,5,2,1,2,0.2354405025965956,1000000000.0,0.27478709183583405,100000000000.0,3.9e-05,0.7385777205328292,0.02,0.28246611809796884,0.02
8,6,2,1,2,0.24864894885454522,1000000000.0,0.1321212132105814,100000000000.0,3.9e-05,2.7963625038809057,0.02,0.041764017794714996,0.02
9,7,2,1,2,0.10711278400323315,1000000000.0,0.2912135931267392,100000000000.0,3.9e-05,0.6943017619804658,0.02,0.18110955225661798,0.02
10,3,3,1,2,0.09620488539588865,1000000000.0,0.09373285732426292,100000000000.0,3.9e-05,1.6762073853542256,0.02,0.057871702879058524,0.02
11,6,3,1,2,0.10840675947782277,1000000000.0,0.1659542110121188,100000000000.0,3.9e-05,0.7072796337889236,0.02,0.07069554428329937,0.02
12,0,4,1,2,0.1860395970354134,1000000000.0,0.1122557083375742,100000000000.0,3.9e-05,0.4051640571502868,0.02,0.07583428502419493,0.02
13,1,4,1,2,0.10105687944805523,1000000000.0,0.437358641365927,100000000000.0,3.9e-05,1.4421317438005792,0.02,0.12042160207178605,0.02
14,2,4,1,2,0.12717821151991696,1000000000.0,0.4416608756523625,100000000000.0,3.9e-05,1.1211402958034806,0.02,0.08513390553925154,0.02
15,4,4,1,2,0.13203481991176333,1000000000.0,0.16689628473856005,100000000000.0,3.9e-05,0.7431439322988393,0.02,0.21489141814198376,0.02
16,2,5,1,2,0.08475078712419538,1000000000.0,0.06872322132826816,100000000000.0,3.9e-05,1.2347929159198547,0.02,0.12817946848600473,0.02
17,6,5,1,2,0.1827395586858514,1000000000.0,0.25493738861806986,100000000000.0,3.9e-05,1.7202294074539128,0.02,0.2941188744034215,0.02
18,2,6,1,2,0.10024907066852268,1000000000.0,0.1512866942293134,100000000000.0,3.9e-05,0.6679341406966514,0.02,0.11641335094927704,0.02
19,4,6,1,2,0.04991574384902091,1000000000.0,0.2341968460079472,100000000000.0,3.9e-05,1.4123954334612565,0.02,0.07615587960923605,0.02
20,6,6,1,2,0.059376042473875255,1000000000.0,0.21977622413071807,100000000000.0,3.9e-05,2.1698118483180697,0.02,0.13667275630286774,0.02
21,1,7,1,2,0.23517532675516145,1000000000.0,0.4687163924582238,100000000000.0,3.9e-05,2.5732052378925303,0.02,0.16874105849159474,0.02
22,2,7,1,2,0.045708837961340676,1000000000.0,0.3179612036905193,100000000000.0,3.9e-05,1.6077203866837466,0.02,0.11842856553151505,0.02
23,4,7,1,2,0.3949375218865098,1000000000.0,0.4289936300276559,100000000000.0,3.9e-05,1.7138479075534732,0.02,0.3331923409614609,0.02
24,9,7,1,2,0.28850961932527974,1000000000.0,0.3475083261614476,100000000000.0,3.9e-05,1.383533560959791,0.02,0.32529641646239715,0.02
25,4,8,1,2,0.5208596460751266,1000000000.0,0.2524163946151867,100000000000.0,3.9e-05,0.7852268166772234,0.02,0.3610824927407828,0.02
26,1,9,1,2,0.0648676673384542,1000000000.0,0.12727788174012405,100000000000.0,3.9e-05,1.1586096281730154,0.02,0.10250755598743193,0.02
0,1,0,1,1,0.03198739931993441,1000000000.0,0.2621873301259733,100000000000.0,3.9e-05,1.6624298975575993,0.02,0.14719592320863822,0.02
1,2,0,1,1,0.10404637248081988,1000000000.0,0.3831845379475167,100000000000.0,3.9e-05,2.511842416277425,0.02,0.3423499584493947,0.02
2,3,0,1,1,0.1274813578655173,1000000000.0,0.3190222194593554,100000000000.0,3.9e-05,2.9164850811398173,0.02,0.3424042951688653,0.02
3,8,0,1,1,0.10434086246025163,1000000000.0,0.04711397492456588,100000000000.0,3.9e-05,1.5227735853672242,0.02,0.24750711140662296,0.02
4,0,1,1,1,0.07554418929951123,1000000000.0,0.4814344423358794,100000000000.0,3.9e-05,2.18309786003016,0.02,0.2529941994585009,0.02
5,3,1,1,1,0.05842517986985164,1000000000.0,0.2453171091108039,100000000000.0,3.9e-05,2.7302624437773684,0.02,0.2307027082730228,0.02
6,4,1,1,1,0.06849298465553967,1000000000.0,0.36696584292600615,100000000000.0,3.9e-05,1.09870164701464,0.02,0.2853538886783441,0.02
7,9,1,1,1,0.08404993300716114,1000000000.0,0.07646382622441694,100000000000.0,3.9e-05,1.5257380933121834,0.02,0.2395725236915012,0.02
8,0,2,1,1,0.08390872580446516,1000000000.0,0.295317152234134,100000000000.0,3.9e-05,1.2262400684567505,0.02,0.048116447180855386,0.02
9,2,2,1,1,0.033724610301224485,1000000000.0,0.20177298297479415,100000000000.0,3.9e-05,1.7296147811804006,0.02,0.2251602907231745,0.02
10,8,2,1,1,0.04149985352605335,1000000000.0,0.35756174220738346,100000000000.0,3.9e-05,2.3184784926693185,0.02,0.13858469955375405,0.02
11,0,3,1,1,0.07202277508841896,1000000000.0,0.2234755386701429,100000000000.0,3.9e-05,2.5729740934590657,0.02,0.30758239038401897,0.02
12,1,3,1,1,0.043980926569129,1000000000.0,0.2666953280217869,100000000000.0,3.9e-05,2.300245169781007,0.02,0.2831048728134767,0.02
13,3,3,1,1,0.05247304688945428,1000000000.0,0.3038957666265634,100000000000.0,3.9e-05,1.2006673392860696,0.02,0.1078806456290779,0.02
14,6,3,1,1,0.05810191224414358,1000000000.0,0.393818861189478,100000000000.0,3.9e-05,1.008094711760359,0.02,0.21241570506280028,0.02
15,8,3,1,1,0.10181330617753566,1000000000.0,0.21003825532573892,100000000000.0,3.9e-05,2.870932404584773,0.02,0.10891715521529008,0.02
16,1,4,1,1,0.0500055966517962,1000000000.0,0.3810069570071324,100000000000.0,3.9e-05,1.0753753415248235,0.02,0.17772299901769364,0.02
17,2,4,1,1,0.07453410700649726,1000000000.0,0.33096187441385805,100000000000.0,3.9e-05,1.963210532007589,0.02,0.3475502615309467,0.02
18,5,4,1,1,0.11491235566499795,1000000000.0,0.051775811336694635,100000000000.0,3.9e-05,2.431719815686599,0.02,0.25443197864187217,0.02
19,6,4,1,1,0.10454778708168842,1000000000.0,0.3928138609132114,100000000000.0,3.9e-05,1.9805116989484888,0.02,0.3593041461220792,0.02
20,8,4,1,1,0.0942886760660942,1000000000.0,0.05987962751704608,100000000000.0,3.9e-05,2.14592971959693,0.02,0.1619708854318022,0.02
21,1,5,1,1,0.21034690030643,1000000000.0,0.4468501285855875,100000000000.0,3.9e-05,2.5033117044877238,0.02,0.3935837805020136,0.02
22,2,5,1,1,0.1424225917562656,1000000000.0,0.06560053649828479,100000000000.0,3.9e-05,1.7166125612790273,0.02,0.3775497060024957,0.02
23,5,5,1,1,0.08405178504838291,1000000000.0,0.18557852699101235,100000000000.0,3.9e-05,2.6857573734490434,0.02,0.12159833336869084,0.02
24,0,6,1,1,0.058503270302990226,1000000000.0,0.1434387549386334,100000000000.0,3.9e-05,1.4552501041408146,0.02,0.25650145580797273,0.02
25,1,6,1,1,0.09094207084709856,1000000000.0,0.4232636902470554,100000000000.0,3.9e-05,0.8151662998002953,0.02,0.2532726258947953,0.02
26,2,6,1,1,0.058470009156005025,1000000000.0,0.29624843419937325,100000000000.0,3.9e-05,1.6106417726590454,0.02,0.32747427312439736,0.02
27,3,6,1,1,0.13901462375251253,1000000000.0,0.07395095216878443,100000000000.0,3.9e-05,0.909346045521121,0.02,0.13710017725847382,0.02
28,9,6,1,1,0.036094824730497806,1000000000.0,0.33748141519135005,100000000000.0,3.9e-05,1.6490971972202462,0.02,0.12721981370530194,0.02
29,0,7,1,1,0.11811272756819548,1000000000.0,0.1889528362708325,100000000000.0,3.9e-05,0.7426056472804645,0.02,0.07900280570807297,0.02
30,1,7,1,1,0.02487462384933361,1000000000.0,0.2781241707605626,100000000000.0,3.9e-05,1.8122228281805268,0.02,0.18634312568202674,0.02
31,5,7,1,1,0.04217875970926344,1000000000.0,0.3469195018840334,100000000000.0,3.9e-05,1.30204166635828,0.02,0.2463950436670405,0.02
32,6,7,1,1,0.09637557512975746,1000000000.0,0.4751436208099152,100000000000.0,3.9e-05,2.8734680971154223,0.02,0.15155189024843727,0.02
33,7,7,1,1,0.031003443554591757,1000000000.0,0.2649793691519282,100000000000.0,3.9e-05,1.4339017755364862,0.02,0.20167600644937594,0.02
34,3,8,1,1,0.11011619300131731,1000000000.0,0.4431721361244415,100000000000.0,3.9e-05,2.9927756245536963,0.02,0.11643577771713524,0.02
35,4,8,1,1,0.11425269240090195,1000000000.0,0.21480593418309726,100000000000.0,3.9e-05,1.1363941300655058,0.02,0.3735217068864186,0.02
36,6,8,1,1,0.2321795619604861,1000000000.0,0.030263062668684337,100000000000.0,3.9e-05,0.6075815948349614,0.02,0.2345665302336494,0.02
37,8,8,1,1,0.0716872552512849,1000000000.0,0.11839074035658365,100000000000.0,3.9e-05,2.1292564194044554,0.02,0.2925130177490988,0.02
38,1,9,1,1,0.21805844438191185,1000000000.0,0.33302401926300623,100000000000.0,3.9e-05,0.40107091784890136,0.02,0.37238184046897865,0.02
39,4,9,1,1,0.07786976067311843,1000000000.0,0.43795194550334027,100000000000.0,3.9e-05,1.1112048408970898,0.02,0.25799195071498826,0.02
40,6,9,1,1,0.10013198445616434,1000000000.0,0.2176783695571637,100000000000.0,3.9e-05,1.088400427796473,0.02,0.04922674535868809,0.02
41,8,9,1,1,0.07151661031728096,1000000000.0,0.391976441966159,100000000000.0,3.9e-05,1.976382639209133,0.02,0.3200658910394004,0.02
