,sim_idx,batch_idx,population_num,exp_num,particle_weight,C_extra,C_OD,D,g_1,K_A_B_1,K_mu_glu,k_omega_B_1,kA_1,kB_max_1,mu_max_1,n_A_B_1,n_omega,omega_max,S0_glu,N_1,S_glu,B_1,A_1
0,1,0,1,0,0.1775676782092687,1e-09,1000000000.0,0.4316207391390015,100000000000.0,-16.19534560309571,3.9e-05,-15.128138862013333,-44.386812828661625,-41.12875049045438,2.5085349945958555,1.131374851195207,1.3530033548124565,1.9653400990994396,0.02,0.17222512371728949,0.02,9.999999999999995e-72,0.1
1,5,1,1,0,0.20187604782340116,1e-09,1000000000.0,0.32421829002964897,100000000000.0,-16.086576749914993,3.9e-05,-15.407482665222545,-41.00422760170824,-45.116270311876704,1.6763609232848726,1.8053446445613648,1.9940740047074093,1.170285795163173,0.02,0.3832407963864361,0.02,9.999999999999995e-72,0.1
2,6,1,1,0,0.21548716380314542,1e-09,1000000000.0,0.2546081577179514,100000000000.0,-17.71912744648534,3.9e-05,-15.57802197219685,-38.73984091861706,-46.036629580571,2.120493033318706,1.6488913135256218,1.9667238067574824,0.6286466721384796,0.02,0.3048500447320319,0.02,9.999999999999995e-72,0.1
3,7,2,1,0,0.09469382328720084,1e-09,1000000000.0,0.14897794402963652,100000000000.0,-17.835783852814046,3.9e-05,-15.825508092428484,-48.390172899697035,-48.194859037315766,1.2407924819990421,1.7860563286663396,1.327179044917003,1.2143883949182936,0.02,0.3538688786039245,0.02,9.999999999999995e-72,0.1
4,5,3,1,0,0.43740416055580794,1e-09,1000000000.0,0.1452582576537857,100000000000.0,-19.972478948787767,3.9e-05,-15.578819527502723,-45.686705060864675,-42.89287175503532,1.4721301969529963,1.5087393505166595,1.8545031945284145,1.6765152383180522,0.02,0.17195057328380856,0.02,9.999999999999995e-72,0.1
5,3,4,1,0,0.11214208713470418,1e-09,1000000000.0,0.2774699657530264,100000000000.0,-18.56928367368136,3.9e-05,-14.629426493060073,-47.243065082089004,-47.82325381446954,2.00195870693151,1.3294459528094924,1.6939305043045183,1.9473539271468407,0.02,0.30765603307841743,0.02,9.999999999999995e-72,0.1
6,7,5,1,0,1.0,1e-09,1000000000.0,0.3408825112274458,100000000000.0,-14.394607065278064,3.9e-05,-15.666034429953976,-49.78483409068798,-46.87279911244622,2.8514712566792078,1.2843539744115626,1.9966151884342784,1.9165529380564197,0.02,0.3203981464076009,0.02,9.999999999999995e-72,0.1
7,1,6,1,0,0.1370798064375912,1e-09,1000000000.0,0.3999604054522876,100000000000.0,-15.772034574563575,3.9e-05,-15.64823140757478,-49.088920311400535,-49.079775015815756,0.6804526508980818,1.4027565207309998,1.6837231172243745,1.861436237586422,0.02,0.16725895640399452,0.02,9.999999999999995e-72,0.1
8,4,6,1,0,0.17064194673390698,1e-09,1000000000.0,0.0332167020931844,100000000000.0,-14.614434020129403,3.9e-05,-14.67902295303974,-46.29069601864796,-37.549978364056614,1.5794129190691182,1.63520898333879,1.4166304377710186,0.7916311443632726,0.02,0.17390205119704846,0.02,9.999999999999995e-72,0.1
9,2,7,1,0,0.04905339929876838,1e-09,1000000000.0,0.36176431087300537,100000000000.0,-17.524993212850088,3.9e-05,-13.948223757348645,-42.512084490869704,-36.79638195852035,1.6960469819260091,1.4349754611326169,1.7884175410515781,1.0077488603961078,0.02,0.24109573439871326,0.02,9.999999999999995e-72,0.1
10,3,7,1,0,0.09815436145379851,1e-09,1000000000.0,0.11716113940753713,100000000000.0,-18.391641173126324,3.9e-05,-14.468074490371098,-36.11144165142213,-48.66022112585362,1.4228770924842968,1.8165263995495269,1.0138256773148857,1.0645741933282309,0.02,0.19507445493472486,0.02,9.999999999999995e-72,0.1
11,5,7,1,0,0.706761851798285,1e-09,1000000000.0,0.4209906152778348,100000000000.0,-17.926553850978483,3.9e-05,-16.108418743142522,-42.56337305575242,-35.00733047876982,2.312954127997487,1.2814243878157772,1.3340701010176699,1.7117593341334172,0.02,0.31630266791078177,0.02,9.999999999999995e-72,0.1
12,7,8,1,0,0.3298901901066165,1e-09,1000000000.0,0.031065948422339,100000000000.0,-16.556763950755652,3.9e-05,-15.913699372301867,-40.484856883271696,-50.57827633577895,1.1664892177438575,1.4546275829316853,1.2760224066157129,0.7600175448062173,0.02,0.1653457166253621,0.02,9.999999999999995e-72,0.1
13,3,9,1,0,0.22925730668757166,1e-09,1000000000.0,0.22779783820647576,100000000000.0,-18.651891571377128,3.9e-05,-14.064088576943837,-45.69523964878295,-46.96315383217791,1.8995191158185507,1.2384259905338475,1.71665267901005,1.150285080572132,0.02,0.07975508708727376,0.02,9.999999999999995e-72,0.1
14,4,9,1,0,0.07850306223265166,1e-09,1000000000.0,0.1683670315595847,100000000000.0,-16.149670246614747,3.9e-05,-14.535954882823114,-35.402745079370064,-48.28652448427922,1.1832165879345504,1.7678673035087002,1.1204633062847864,0.5353255182593541,0.02,0.04796663478302449,0.02,9.999999999999995e-72,0.1
0,2,0,1,2,0.00719535173919682,1e-09,1000000000.0,0.17219952326916535,100000000000.0,-16.32612838938837,3.9e-05,-15.244189715538681,-48.37069527448988,-49.109645250220076,0.7512107134820538,1.2625451700379708,1.3346068015907155,0.6330298294425196,0.02,0.2685444394556805,0.02,9.999999999999995e-72,0.1
1,6,0,1,2,0.07262299494796798,1e-09,1000000000.0,0.373602029784804,100000000000.0,-19.928185713904334,3.9e-05,-15.076873361007493,-41.721682791977344,-49.45982770564829,0.5151193738408013,1.638577922528646,1.5945209715799284,1.1609507985010057,0.02,0.323914056798359,0.02,9.999999999999995e-72,0.1
2,7,0,1,2,0.19470011676537957,1e-09,1000000000.0,0.3950693778200359,100000000000.0,-20.115138151923226,3.9e-05,-15.129858017566445,-47.81700057860735,-35.97625222427486,0.7745928069631991,1.6593351890185988,1.2986739518673427,0.8165378064920299,0.02,0.28939990421954315,0.02,9.999999999999995e-72,0.1
3,0,1,1,2,0.13602912262981925,1e-09,1000000000.0,0.05994032813105012,100000000000.0,-16.15857068404521,3.9e-05,-14.410989236036535,-37.03366965136416,-39.51026295748261,1.8714893786754645,1.8829854188616648,1.2639109407687834,1.50272083096763,0.02,0.2955867206011337,0.02,9.999999999999995e-72,0.1
4,1,1,1,2,0.009319224651449916,1e-09,1000000000.0,0.19931337380313424,100000000000.0,-16.84816424374123,3.9e-05,-15.239582121824007,-45.84155822666494,-43.38957225106838,1.9449450320544743,1.122370290011612,1.1848040813896876,0.9450330321581968,0.02,0.2689991203600413,0.02,9.999999999999995e-72,0.1
5,5,1,1,2,0.18113660030731793,1e-09,1000000000.0,0.07027130521844882,100000000000.0,-14.951233082901215,3.9e-05,-15.366967978345356,-38.79433449269784,-47.374066099085894,2.624027380322944,1.6793382896702167,1.5205679297697332,1.0091928728681463,0.02,0.11645788079440285,0.02,9.999999999999995e-72,0.1
6,2,2,1,2,0.23383408474332873,1e-09,1000000000.0,0.1429149903611711,100000000000.0,-18.19192673483489,3.9e-05,-15.443019227365689,-39.9223611257188,-47.78193986424871,0.7543087373931091,1.3739236856954702,1.7801912694657207,0.575903978003943,0.02,0.02032931632379985,0.02,9.999999999999995e-72,0.1
7,8,2,1,2,0.13034257909637026,1e-09,1000000000.0,0.15471558589779966,100000000000.0,-14.254550921523096,3.9e-05,-15.918211111525695,-49.76651829035218,-40.276685486726606,2.029722834150539,1.4284741557126908,1.1245845151989673,1.2405555593505757,0.02,0.10766988034844442,0.02,9.999999999999995e-72,0.1
8,4,3,1,2,0.022148220772095776,1e-09,1000000000.0,0.09668065335512982,100000000000.0,-19.359568320054212,3.9e-05,-15.720060948789728,-44.69516546148075,-48.23371405676384,1.1735399110215146,1.349132296511173,1.385449689204061,1.3761847770716482,0.02,0.13508468084532996,0.02,9.999999999999995e-72,0.1
9,7,3,1,2,0.012356887262220352,1e-09,1000000000.0,0.4879718100625404,100000000000.0,-18.503049008858035,3.9e-05,-14.52003539689502,-47.27761962248086,-40.84998551305553,2.324738533047018,1.559921449874675,1.5430443105576517,0.9774978280492762,0.02,0.1261615417298394,0.02,9.999999999999995e-72,0.1
10,3,4,1,2,0.2073119230702381,1e-09,1000000000.0,0.3647313134583297,100000000000.0,-19.7099901388614,3.9e-05,-14.939772011579453,-47.77189084425172,-38.064585300598026,2.442913203968168,1.616035621640335,1.7713310679065484,1.841277101593752,0.02,0.21987952035398395,0.02,9.999999999999995e-72,0.1
11,8,4,1,2,0.17258947600152738,1e-09,1000000000.0,0.29377666969967753,100000000000.0,-20.535449795784675,3.9e-05,-14.170855379671485,-41.21306870203904,-44.83420435833888,2.3637335311699887,1.8092174548664621,1.0853450373821862,1.8847997581135625,0.02,0.2500809885401566,0.02,9.999999999999995e-72,0.1
12,0,5,1,2,0.09041274365293747,1e-09,1000000000.0,0.08692949697484814,100000000000.0,-13.960271085671348,3.9e-05,-16.038239483345052,-47.50800691384917,-44.02595026868719,0.6173575838400346,1.1778519225598296,1.6333858067662654,1.0170785681118977,0.02,0.3657784319507345,0.02,9.999999999999995e-72,0.1
13,4,5,1,2,0.025069660948151867,1e-09,1000000000.0,0.37156820557217424,100000000000.0,-17.202274281922346,3.9e-05,-14.850390393227553,-43.26391103987817,-39.96113223721989,1.4281408641053417,1.2703975336193087,1.5892159473895344,1.4600236119026602,0.02,0.28557321447614464,0.02,9.999999999999995e-72,0.1
14,5,5,1,2,0.07755594695129905,1e-09,1000000000.0,0.3290875240901727,100000000000.0,-15.234760092237096,3.9e-05,-15.435323689374414,-44.19768766913422,-42.75408207612502,2.5132382602128547,1.876700894107686,1.4921973797810302,1.7835623656761197,0.02,0.36615511227750064,0.02,9.999999999999995e-72,0.1
15,7,5,1,2,0.04152753961058352,1e-09,1000000000.0,0.3316987523374354,100000000000.0,-19.995468445368086,3.9e-05,-14.260187435771794,-46.46031473499935,-38.90074898457065,2.0686350025508,1.620485112543805,1.2622376173162928,0.8260698874373813,0.02,0.21647743126462032,0.02,9.999999999999995e-72,0.1
16,0,6,1,2,0.2967814360000385,1e-09,1000000000.0,0.3234166439105891,100000000000.0,-14.887505628407755,3.9e-05,-14.457528801672671,-35.568974842780406,-41.19718036168276,0.8212704293048212,1.6899721645181038,1.4117399445706564,1.4614960202332767,0.02,0.3849510836637909,0.02,9.999999999999995e-72,0.1
17,3,6,1,2,0.032668578847349715,1e-09,1000000000.0,0.2808037269724567,100000000000.0,-19.136173564136072,3.9e-05,-15.100610369983732,-44.534593133943424,-45.48074658845722,0.6974584385746785,1.6812727262673195,1.3347909024926976,1.1157949760193762,0.02,0.10396364655090948,0.02,9.999999999999995e-72,0.1
18,5,7,1,2,0.01596440050833376,1e-09,1000000000.0,0.15362347091370715,100000000000.0,-16.436627618781586,3.9e-05,-14.641053087209878,-39.15615196623754,-47.03540994871725,1.3697113798597864,1.4499575568822491,1.4451414754626293,1.5147297839673908,0.02,0.11045560854744922,0.02,9.999999999999995e-72,0.1
19,0,8,1,2,0.05174857019820966,1e-09,1000000000.0,0.16857586150842566,100000000000.0,-20.16438311874265,3.9e-05,-14.823726768759766,-34.76115133217771,-45.32649913688262,0.8663664288334327,1.7949568751740084,1.2821783336834165,1.7106169541611682,0.02,0.02668196656444434,0.02,9.999999999999995e-72,0.1
20,1,8,1,2,0.04509050820602638,1e-09,1000000000.0,0.08242761574956797,100000000000.0,-18.105645893892827,3.9e-05,-14.303554110333051,-43.00266723808963,-45.05670164256054,2.9812562322209715,1.1572660576980072,1.4749202796806529,0.9763472430520024,0.02,0.06190379677932889,0.02,9.999999999999995e-72,0.1
21,3,8,1,2,0.6475330232248377,1e-09,1000000000.0,0.266567104469335,100000000000.0,-14.427981063596885,3.9e-05,-14.559157882275635,-35.698308506513705,-36.161570809884964,0.8895273025894559,1.7432943742960816,1.3029836011677038,1.9932485025979876,0.02,0.037865408330349286,0.02,9.999999999999995e-72,0.1
22,6,8,1,2,0.08393573934479885,1e-09,1000000000.0,0.03581291521746404,100000000000.0,-18.266093323758263,3.9e-05,-15.560896573107538,-37.366610295216226,-43.57117274582634,1.2903943180681658,1.522438955087682,1.0831185370669416,0.7927990761618755,0.02,0.2392205538043181,0.02,9.999999999999995e-72,0.1
23,9,8,1,2,0.1536668857804874,1e-09,1000000000.0,0.26965449430959665,100000000000.0,-18.953627013239856,3.9e-05,-16.105922415501926,-44.098287232759226,-39.93124432610186,2.1576011113162834,1.0873060911981294,1.049167176872338,1.3380376341368123,0.02,0.1096628268854014,0.02,9.999999999999995e-72,0.1
24,0,9,1,2,0.1391992582788922,1e-09,1000000000.0,0.44490564161130586,100000000000.0,-17.644991495747,3.9e-05,-15.559046072839045,-37.434019906457216,-39.168323655360005,2.7698342110939573,1.173985978674876,1.9286849036903924,1.6672471102517683,0.02,0.07887673779162348,0.02,9.999999999999995e-72,0.1
25,2,9,1,2,0.17305573180085757,1e-09,1000000000.0,0.3785349980953125,100000000000.0,-19.164065429669684,3.9e-05,-15.205773157122678,-44.28245035008326,-47.32604459619648,1.7496219223428209,1.022314679412276,1.2955381439971256,1.9536705814616293,0.02,0.0585392988694366,0.02,9.999999999999995e-72,0.1
26,6,9,1,2,0.04309256420634414,1e-09,1000000000.0,0.3175302127647968,100000000000.0,-18.92538491059853,3.9e-05,-14.829439094651494,-48.258447276358346,-41.4218704840916,1.2588998319598066,1.6928159724656373,1.184038383247373,0.8470945722264404,0.02,0.2059951252082636,0.02,9.999999999999995e-72,0.1
27,7,9,1,2,0.050868029722863854,1e-09,1000000000.0,0.08735931481895938,100000000000.0,-19.861622749508246,3.9e-05,-14.105539030420266,-44.8900579044879,-45.726184086366644,2.266061988063328,1.3130615343918302,1.1423655642994626,0.9213476143522976,0.02,0.17910559640702658,0.02,9.999999999999995e-72,0.1
28,8,9,1,2,0.1614460476718486,1e-09,1000000000.0,0.041130540071116016,100000000000.0,-17.386154534556955,3.9e-05,-15.173988130860364,-39.16750170017684,-50.59324143295875,1.4299221020290411,1.5827738062143926,1.1657559417335892,1.9856095402110252,0.02,0.03479466320832207,0.02,9.999999999999995e-72,0.1
29,0,10,1,2,0.03766284711121683,1e-09,1000000000.0,0.2054285256700209,100000000000.0,-19.885109347626,3.9e-05,-14.408006090872275,-40.636511809580156,-44.20333969307289,2.06739280883569,1.3981130636393932,1.626371501588817,1.4009280449049537,0.02,0.2608546104817881,0.02,9.999999999999995e-72,0.1
0,4,0,1,1,0.0792974373337805,1e-09,1000000000.0,0.024358772674604595,100000000000.0,-17.40536935348639,3.9e-05,-15.243017759720935,-38.31535010928704,-39.45902013526753,1.1923401608061224,1.697230032301671,1.431606791083462,1.1307748636676362,0.02,0.026293190535236263,0.02,9.999999999999995e-72,0.1
1,7,0,1,1,0.03869847522178656,1e-09,1000000000.0,0.2489252542172853,100000000000.0,-14.203510983177631,3.9e-05,-15.213392045143275,-42.81045027729156,-47.29820867780619,1.8748404810210133,1.6698133218255795,1.7964957247546818,1.2453942158919424,0.02,0.14212009654074487,0.02,9.999999999999995e-72,0.1
2,9,0,1,1,0.0,1e-09,1000000000.0,0.08636853518414714,100000000000.0,-17.6098229528349,3.9e-05,-14.877926865753288,-43.326273130369465,-37.21734879557721,1.903704222526539,1.8357278436920959,1.3154699729426331,1.3082362479031422,0.02,0.23105872915840275,0.02,9.999999999999995e-72,0.1
3,7,1,1,1,0.09578180654444107,1e-09,1000000000.0,0.1371916867389162,100000000000.0,-16.618035781379632,3.9e-05,-14.800096812733793,-38.536423340341116,-48.79868571677904,1.2082021089642834,1.2276317226389664,1.2770822239428152,1.1401139033362904,0.02,0.2100850075858241,0.02,9.999999999999995e-72,0.1
4,1,2,1,1,0.1583094212355374,1e-09,1000000000.0,0.04743571541054864,100000000000.0,-14.667384895213553,3.9e-05,-14.115337313013484,-38.01966736322126,-37.569241157887724,0.8154352854527809,1.1966482083664205,1.3956357832356336,1.5828738764418782,0.02,0.3908433690630829,0.02,9.999999999999995e-72,0.1
5,3,2,1,1,0.006519984455336969,1e-09,1000000000.0,0.18432228677606535,100000000000.0,-18.545614911305282,3.9e-05,-16.055107955745296,-44.39376560430973,-40.847690766661955,1.079119134708787,1.8258688367125844,1.7023283444986368,1.5977958467589168,0.02,0.3568722010971281,0.02,9.999999999999995e-72,0.1
6,4,2,1,1,0.21101118959700943,1e-09,1000000000.0,0.424056838080355,100000000000.0,-16.414908968237363,3.9e-05,-14.089851894611096,-35.40541181787868,-36.384706913905184,1.5697599932868151,1.4087059872788363,1.2715060251192782,1.022059763920779,0.02,0.1733092964516842,0.02,9.999999999999995e-72,0.1
7,5,2,1,1,0.05011761935925386,1e-09,1000000000.0,0.16928572817803214,100000000000.0,-18.302533362868413,3.9e-05,-14.410642664356658,-41.70098666974475,-38.318610060801454,2.930095956684027,1.3730150701925123,1.1662854014353974,1.6986485305946597,0.02,0.15166954883222405,0.02,9.999999999999995e-72,0.1
8,6,2,1,1,0.08296584146145074,1e-09,1000000000.0,0.33540867228796273,100000000000.0,-17.429943991628505,3.9e-05,-15.381237951511324,-46.349423894598964,-44.733636757363215,2.195287658208984,1.084002129179021,1.1594478872130096,1.1972399230619637,0.02,0.2714157496827458,0.02,9.999999999999995e-72,0.1
9,7,2,1,1,0.041242184143129586,1e-09,1000000000.0,0.02078455965130316,100000000000.0,-15.464155396455448,3.9e-05,-15.440805497602145,-43.115842578210696,-45.77715424168544,1.694184353344186,1.944947900059392,1.6783389950588905,1.1847555136945402,0.02,0.11401481089621325,0.02,9.999999999999995e-72,0.1
10,4,3,1,1,0.20428710938111697,1e-09,1000000000.0,0.1134000414295208,100000000000.0,-19.90197989255403,3.9e-05,-14.835409313787085,-41.58203215874625,-38.960863099107044,2.5736698244140497,1.4481446045929172,1.7245934852101317,1.2658157795172629,0.02,0.04518660984655076,0.02,9.999999999999995e-72,0.1
11,3,4,1,1,0.06049350344289056,1e-09,1000000000.0,0.3553954307277667,100000000000.0,-15.515034670647461,3.9e-05,-15.769296621788248,-39.14075886557279,-35.90976583553027,2.9294823201074025,1.9534689551732272,1.010646013753145,1.088212416367386,0.02,0.30520359933725405,0.02,9.999999999999995e-72,0.1
12,9,4,1,1,0.36657723392605374,1e-09,1000000000.0,0.4922890945559728,100000000000.0,-18.641158651929317,3.9e-05,-14.134275943982693,-43.46000368299367,-45.099594288391096,1.8700043609205228,1.9435773013700937,1.2869639729962017,1.6371754872444904,0.02,0.2457215692376638,0.02,9.999999999999995e-72,0.1
13,0,5,1,1,0.02079043558013678,1e-09,1000000000.0,0.3061164532259212,100000000000.0,-16.734708637215768,3.9e-05,-15.263088129248285,-37.697929028930815,-47.314992486301215,0.6325420813100027,1.2087874445256317,1.7553784833391934,1.8233619013209643,0.02,0.2864386233535134,0.02,9.999999999999995e-72,0.1
14,5,6,1,1,0.024352096603629164,1e-09,1000000000.0,0.16688044526627238,100000000000.0,-18.30599739823923,3.9e-05,-14.470066550162793,-34.86214847534841,-36.60876244476917,1.756352489087049,1.6863834934844202,1.040992046965596,1.6534962513711908,0.02,0.27942910217385425,0.02,9.999999999999995e-72,0.1
15,8,6,1,1,0.3002442348840263,1e-09,1000000000.0,0.1802784275028924,100000000000.0,-20.25750294767924,3.9e-05,-15.76631771001942,-42.446870922006504,-48.44010529138751,1.9223737524393656,1.9006054891823083,1.5697793938976472,1.5223171727460458,0.02,0.3672063899098548,0.02,9.999999999999995e-72,0.1
16,4,7,1,1,0.01757676265193787,1e-09,1000000000.0,0.12242306237656746,100000000000.0,-17.80606437160067,3.9e-05,-15.513009535684144,-48.128217851718254,-43.751168108492024,1.0870443591947936,1.679295520477852,1.9118093010540649,1.9522577894103799,0.02,0.24448016584063595,0.02,9.999999999999995e-72,0.1
17,8,7,1,1,0.19606418930481265,1e-09,1000000000.0,0.35355510917167143,100000000000.0,-18.51456273482772,3.9e-05,-14.721083542275329,-36.78499718055177,-42.24552364136175,0.683980198722381,1.5699831598640257,1.8657471235748395,1.2364334157319328,0.02,0.08504324129479847,0.02,9.999999999999995e-72,0.1
18,0,8,1,1,0.18189129073387342,1e-09,1000000000.0,0.4491981596869905,100000000000.0,-17.133613616423453,3.9e-05,-15.252611891544438,-39.7211880159262,-47.64227643549194,1.1100400017073673,1.9636499204583653,1.5013197015918416,1.3465967380887234,0.02,0.3269399019789075,0.02,9.999999999999995e-72,0.1
19,1,8,1,1,0.10121843408672698,1e-09,1000000000.0,0.2779289834436047,100000000000.0,-15.23150556951782,3.9e-05,-14.964665081901915,-44.21357253528715,-49.7092792057359,2.739250923177877,1.59149637671887,1.336206551693888,1.6752892924079454,0.02,0.18379869049841052,0.02,9.999999999999995e-72,0.1
20,2,8,1,1,0.04550034907069144,1e-09,1000000000.0,0.4095073625954842,100000000000.0,-16.847344838943293,3.9e-05,-14.40958732777565,-49.10518995930639,-41.5718890888134,2.090149820344327,1.894658506014167,1.63465898924055,1.2707130108312903,0.02,0.18775804746974598,0.02,9.999999999999995e-72,0.1
21,0,9,1,1,0.06661439320857035,1e-09,1000000000.0,0.4985126392051442,100000000000.0,-17.397880406948865,3.9e-05,-15.60669055763766,-43.412119991943705,-47.49085025078025,1.6551750215550172,1.4802756699964876,1.4098001483001936,1.5584019275274066,0.02,0.3881120460792255,0.02,9.999999999999995e-72,0.1
22,2,9,1,1,0.08955957431898676,1e-09,1000000000.0,0.12705125572696493,100000000000.0,-15.723528787523534,3.9e-05,-14.515839477759789,-41.17181403936911,-38.56797246961242,2.8192867625365747,1.9569458426155764,1.1815725842895342,1.1472595261038063,0.02,0.3942884080068332,0.02,9.999999999999995e-72,0.1
23,3,9,1,1,0.03929380335774114,1e-09,1000000000.0,0.3511473762795535,100000000000.0,-15.014123663749533,3.9e-05,-16.083858111491995,-37.74348529448147,-40.76006491412023,1.7223094937901209,1.8596550027507976,1.2076096115180943,1.29570682711745,0.02,0.30716315141636324,0.02,9.999999999999995e-72,0.1
24,5,9,1,1,0.07984643255238333,1e-09,1000000000.0,0.28017067132748497,100000000000.0,-16.353410509268926,3.9e-05,-14.821854922658858,-41.13043631113054,-46.14566981912378,1.2402629122440445,1.8918657029308101,1.9432961992545,0.5991637535640713,0.02,0.2430366027606585,0.02,9.999999999999995e-72,0.1
25,7,9,1,1,0.07179421687866214,1e-09,1000000000.0,0.21279878168711244,100000000000.0,-17.95592884643446,3.9e-05,-15.316234456617046,-49.489340102135436,-34.65970502938624,1.0600180170669695,1.4181919940103882,1.6254006395876304,0.6804035684102943,0.02,0.370174945620278,0.02,9.999999999999995e-72,0.1
