sim_idx,batch_idx,population_num,exp_num,particle_weight,C_OD,D,g_1,K_mu_glu,mu_max_1,S0_glu,N_1,S_glu
0,0,1,2,0.009522258223748498,1000000000.0,0.37003972133858,100000000000.0,3.9e-05,2.3594602571745167,0.02,0.08736842585808466,0.02
3,0,1,2,0.03964996788143888,1000000000.0,0.04550055175795681,100000000000.0,3.9e-05,1.6737584656299342,0.02,0.38516150813917505,0.02
8,0,1,2,0.0071978375174837125,1000000000.0,0.2754620891557913,100000000000.0,3.9e-05,0.9937949330999705,0.02,0.1095746796956941,0.02
3,1,1,2,0.014865966888301942,1000000000.0,0.3271849234541129,100000000000.0,3.9e-05,2.24883874403425,0.02,0.30650806154348503,0.02
7,1,1,2,0.011028001255189013,1000000000.0,0.21703190737600594,100000000000.0,3.9e-05,2.460836116019535,0.02,0.24438139368470468,0.02
1,2,1,2,0.010820412301792775,1000000000.0,0.18201445416070067,100000000000.0,3.9e-05,0.7471265766709358,0.02,0.24136932719760956,0.02
4,2,1,2,0.010551487043052211,1000000000.0,0.1505761907410681,100000000000.0,3.9e-05,2.1580758898363834,0.02,0.2497690766112975,0.02
5,2,1,2,0.013313931542013014,1000000000.0,0.27478709183583405,100000000000.0,3.9e-05,0.738577720532829,0.02,0.28246611809796884,0.02
6,2,1,2,0.013768910025464083,1000000000.0,0.1321212132105814,100000000000.0,3.9e-05,2.796362503880906,0.02,0.041764017794715,0.02
7,2,1,2,0.008893551608589454,1000000000.0,0.29121359312673917,100000000000.0,3.9e-05,0.6943017619804658,0.02,0.181109552256618,0.02
3,3,1,2,0.008517817849365448,1000000000.0,0.09373285732426292,100000000000.0,3.9e-05,1.6762073853542256,0.02,0.05787170287905852,0.02
6,3,1,2,0.008938123921453076,1000000000.0,0.1659542110121188,100000000000.0,3.9e-05,0.7072796337889236,0.02,0.07069554428329938,0.02
0,4,1,2,0.011612266663768253,1000000000.0,0.1122557083375742,100000000000.0,3.9e-05,0.4051640571502868,0.02,0.07583428502419493,0.02
1,4,1,2,0.008684949762722763,1000000000.0,0.437358641365927,100000000000.0,3.9e-05,1.4421317438005792,0.02,0.12042160207178605,0.02
2,4,1,2,0.009584725846879869,1000000000.0,0.44166087565236245,100000000000.0,3.9e-05,1.1211402958034806,0.02,0.08513390553925154,0.02
4,4,1,2,0.009752016705901846,1000000000.0,0.16689628473856005,100000000000.0,3.9e-05,0.7431439322988393,0.02,0.21489141814198376,0.02
2,5,1,2,0.008123269682292577,1000000000.0,0.06872322132826816,100000000000.0,3.9e-05,1.2347929159198547,0.02,0.12817946848600473,0.02
6,5,1,2,0.011498593456920744,1000000000.0,0.25493738861806986,100000000000.0,3.9e-05,1.7202294074539128,0.02,0.2941188744034215,0.02
2,6,1,2,0.008657123960485881,1000000000.0,0.1512866942293134,100000000000.0,3.9e-05,0.6679341406966514,0.02,0.11641335094927704,0.02
4,6,1,2,0.006923340875317845,1000000000.0,0.23419684600794716,100000000000.0,3.9e-05,1.4123954334612565,0.02,0.07615587960923605,0.02
6,6,1,2,0.0072492105678821726,1000000000.0,0.21977622413071807,100000000000.0,3.9e-05,2.1698118483180697,0.02,0.13667275630286774,0.02
1,7,1,2,0.013304797288079779,1000000000.0,0.46871639245822383,100000000000.0,3.9e-05,2.5732052378925303,0.02,0.16874105849159476,0.02
2,7,1,2,0.00677842968565796,1000000000.0,0.31796120369051933,100000000000.0,3.9e-05,1.6077203866837466,0.02,0.11842856553151504,0.02
4,7,1,2,0.018807970018174892,1000000000.0,0.4289936300276559,100000000000.0,3.9e-05,1.7138479075534732,0.02,0.3331923409614609,0.02
9,7,1,2,0.01514195171757095,1000000000.0,0.34750832616144756,100000000000.0,3.9e-05,1.383533560959791,0.02,0.32529641646239715,0.02
4,8,1,2,0.02314548678414521,1000000000.0,0.2524163946151867,100000000000.0,3.9e-05,0.7852268166772234,0.02,0.36108249274078275,0.02
1,9,1,2,0.0074383752208453885,1000000000.0,0.12727788174012405,100000000000.0,3.9e-05,1.1586096281730154,0.02,0.10250755598743191,0.02
