sim_idx,batch_idx,population_num,exp_num,particle_weight,C_extra,C_OD,D,g_1,K_A_B_1,K_mu_glu,k_omega_B_1,kA_1,kB_max_1,mu_max_1,n_A_B_1,n_omega,omega_max,S0_glu,N_1,S_glu,B_1,A_1
1,0,1,2,0.009329786949720907,1e-09,1000000000.0,0.47129396526809,100000000000.0,-18.507176900241028,3.9e-05,-15.887229402964104,-37.84587606115586,-37.14361067911753,1.373888703165092,1.9147685499248104,1.0135528859362415,1.8021376634501587,0.02,0.3809627212422341,0.02,9.999999999999997e-72,0.1
4,0,1,2,0.0031045738097474295,1e-09,1000000000.0,0.4940934765397624,100000000000.0,-14.598189750635523,3.9e-05,-14.261956817663627,-47.784541187584175,-41.13579746666554,1.4307988079741873,1.8614098686376153,1.555459712170295,1.2359282542563306,0.02,0.16485847019471578,0.02,9.999999999999997e-72,0.1
5,0,1,2,0.010201519784588787,1e-09,1000000000.0,0.2504561430220583,100000000000.0,-19.27788373925133,3.9e-05,-14.28792715835429,-46.55323981001295,-44.937495230981895,1.011980839402401,1.827364315677104,1.7774274395695207,0.6334716517749837,0.02,0.37087912772137144,0.02,9.999999999999997e-72,0.1
9,0,1,2,0.007061879945212533,1e-09,1000000000.0,0.016260100315420987,100000000000.0,-18.554037388744835,3.9e-05,-13.867642136666479,-37.31173257092363,-44.899068702487945,1.4358039951024286,1.2986613118108323,1.2866773530623354,1.6765221547445344,0.02,0.32294640341252606,0.02,9.999999999999997e-72,0.1
2,1,1,2,0.007555253902455559,1e-09,1000000000.0,0.26672983564948066,100000000000.0,-18.493973757584822,3.9e-05,-13.949247616382156,-39.26527461269021,-45.170159331288026,1.865673145066777,1.050238346290767,1.3238983755636142,1.6888661204209208,0.02,0.28372894596549453,0.02,9.999999999999997e-72,0.1
4,1,1,2,0.014535092257887353,1e-09,1000000000.0,0.049535367474977055,100000000000.0,-16.426324940830487,3.9e-05,-15.544814545782835,-50.45870176761994,-45.68606218588363,2.6211084833747247,1.9877776301128365,1.5088720329048804,1.4051225970327095,0.02,0.22857005604682457,0.02,9.999999999999997e-72,0.1
6,1,1,2,0.005917537977762876,1e-09,1000000000.0,0.33942656379775327,100000000000.0,-19.65853768735462,3.9e-05,-13.837359813077505,-40.05337433726762,-43.87870785246578,1.7172833077056249,1.5424761036699781,1.0926972217488415,0.9542295556798609,0.02,0.17606069915013403,0.02,9.999999999999997e-72,0.1
8,1,1,2,0.004563666750464106,1e-09,1000000000.0,0.3332214858184719,100000000000.0,-16.937788207811387,3.9e-05,-14.660572323941938,-40.81847260827571,-49.40252969279449,1.209315885218917,1.67261438062117,1.4830366633092211,0.5055108621445172,0.02,0.35253606296767537,0.02,9.999999999999997e-72,0.1
9,1,1,2,0.011085914502980016,1e-09,1000000000.0,0.4297783004614703,100000000000.0,-18.745058610560946,3.9e-05,-15.568092670093634,-47.696697098716264,-49.54760492010518,2.206327931038206,1.7999021254021987,1.2571443510908624,0.8860754487853804,0.02,0.3540856230305175,0.02,9.999999999999997e-72,0.1
0,2,1,2,0.014321006043282895,1e-09,1000000000.0,0.35902636914829145,100000000000.0,-15.256417984015274,3.9e-05,-14.63566965673707,-47.12328840929753,-40.41029124873664,1.4362573587731762,1.041708939738337,1.9135667673170655,0.804240514949099,0.02,0.18317550670037017,0.02,9.999999999999997e-72,0.1
3,2,1,2,0.006783734719271325,1e-09,1000000000.0,0.32885878102827487,100000000000.0,-14.001459026896956,3.9e-05,-15.575411481973305,-36.75187605783507,-48.329807162147816,0.6572942637924831,1.5557979293437105,1.3193709129589062,0.9917950768958026,0.02,0.2605971517122581,0.02,9.999999999999997e-72,0.1
9,2,1,2,0.0054790748868120695,1e-09,1000000000.0,0.37396996958084056,100000000000.0,-13.865804352530834,3.9e-05,-14.647971777932627,-35.63975622072121,-41.73909757134487,1.3641226843624814,1.3590846727861996,1.4308176479316594,0.723317517061139,0.02,0.20102294453778266,0.02,9.999999999999997e-72,0.1
0,3,1,2,0.005801873584514245,1e-09,1000000000.0,0.2798416338580332,100000000000.0,-16.530377664982407,3.9e-05,-14.80908155182287,-48.81649594029167,-47.114956541544196,0.5047745704245334,1.3776304032026006,1.5130569226320958,0.5026710090164712,0.02,0.2074221623915654,0.02,9.999999999999997e-72,0.1
1,3,1,2,0.00934891347842891,1e-09,1000000000.0,0.4668537924867278,100000000000.0,-16.476233289133113,3.9e-05,-14.431445578316252,-43.69462072790036,-38.17198170098144,1.3288189824367196,1.164581800749565,1.6536960596412056,1.694681436209326,0.02,0.1311833348161332,0.02,9.999999999999997e-72,0.1
2,3,1,2,0.006198421411318671,1e-09,1000000000.0,0.3340927343589659,100000000000.0,-17.562973149228206,3.9e-05,-14.82436854120366,-46.414570419598064,-46.843474613367405,2.5646122230038157,1.8382267585847862,1.5791305872504873,1.1999592250973887,0.02,0.28632815855611027,0.02,9.999999999999997e-72,0.1
5,3,1,2,0.008120766357675162,1e-09,1000000000.0,0.3567682557977046,100000000000.0,-18.963135581613788,3.9e-05,-15.538005311275617,-37.39346349042468,-45.25046120447993,1.1997961820737364,1.6648990802817674,1.0476418979431328,1.4462208956852307,0.02,0.1315265553934541,0.02,9.999999999999997e-72,0.1
8,3,1,2,0.004453393375735282,1e-09,1000000000.0,0.3843147355584819,100000000000.0,-17.779894719386956,3.9e-05,-14.759862453537583,-36.078328614709434,-40.521300396036764,0.44185649481919703,1.3353301316988597,1.3818890780700819,0.7558767667163515,0.02,0.18213840671356693,0.02,9.999999999999997e-72,0.1
9,3,1,2,0.01011632867419316,1e-09,1000000000.0,0.04276003369290378,100000000000.0,-18.154991176249695,3.9e-05,-15.074813272886079,-45.016574949676965,-40.94949661024152,2.5552894475891694,1.9145563238432801,1.7192900321437805,1.3927248331973594,0.02,0.2491907652049279,0.02,9.999999999999997e-72,0.1
5,4,1,2,0.009337543794442965,1e-09,1000000000.0,0.05444916509142128,100000000000.0,-19.305317861106445,3.9e-05,-14.204274882146096,-39.19864518143598,-35.06174087630452,2.0396474895045262,1.8230994252991586,1.7387103957750094,1.4828946249655122,0.02,0.2430809741824123,0.02,9.999999999999997e-72,0.1
6,4,1,2,0.006815332989250928,1e-09,1000000000.0,0.04568564756378292,100000000000.0,-19.718891359112806,3.9e-05,-14.718125267738625,-47.85761692371255,-35.68713069929663,2.369698434096832,1.5820576792228833,1.3243755920369495,1.0070696991701529,0.02,0.26550152300902524,0.02,9.999999999999997e-72,0.1
7,4,1,2,0.003233888062291944,1e-09,1000000000.0,0.4214565868572448,100000000000.0,-16.655073548031318,3.9e-05,-14.940247919315683,-42.740751205615226,-40.42354387328695,2.737981639974724,1.7402276877023066,1.3598729854736997,1.5111449847236933,0.02,0.13013781650003564,0.02,9.999999999999997e-72,0.1
9,4,1,2,0.01020955972665114,1e-09,1000000000.0,0.07402344342280143,100000000000.0,-17.029077029888708,3.9e-05,-14.376972108927037,-50.02587828884717,-43.85994046920047,2.413544386491496,1.3393569922690214,1.586265193898048,0.9435298112318162,0.02,0.35013552006893545,0.02,9.999999999999997e-72,0.1
1,5,1,2,0.00929030710085137,1e-09,1000000000.0,0.22164100446290175,100000000000.0,-18.315030161877036,3.9e-05,-15.661899740984731,-49.79828110826797,-50.53781650596956,0.4678265280062127,1.5716457755276387,1.5656302325261608,1.2407292062384634,0.02,0.17403350018432134,0.02,9.999999999999997e-72,0.1
3,5,1,2,0.005920466326268842,1e-09,1000000000.0,0.1658472350245419,100000000000.0,-16.725905517666384,3.9e-05,-15.840481158391729,-41.24339351633897,-36.89610283606638,1.5202262658469794,1.7327951967095698,1.3309104613882456,1.9246810383548307,0.02,0.1953698057325624,0.02,9.999999999999997e-72,0.1
8,5,1,2,0.006219201616089293,1e-09,1000000000.0,0.14153119629216757,100000000000.0,-15.905569456254206,3.9e-05,-15.016420629566218,-46.34778307812921,-43.99183069933404,2.208861621759632,1.2914126695822794,1.0077918835949868,1.0700152588167988,0.02,0.0696229821283077,0.02,9.999999999999997e-72,0.1
9,5,1,2,0.008272546733305117,1e-09,1000000000.0,0.032245133704772944,100000000000.0,-17.781655883925097,3.9e-05,-14.42460696262149,-39.125466831916334,-46.587430811931426,0.47138055765670467,1.3225966620196141,1.836646441274496,0.7906728916038315,0.02,0.04089735105625503,0.02,9.999999999999997e-72,0.1
1,6,1,2,0.005499524623408094,1e-09,1000000000.0,0.3339245789944006,100000000000.0,-14.305974978966344,3.9e-05,-14.868502971331798,-38.069591097103675,-45.72648151499187,0.4293400626547988,1.4526569553163469,1.132263832896855,1.5839721230431034,0.02,0.3589053450599703,0.02,9.999999999999997e-72,0.1
7,6,1,2,0.004913843334434137,1e-09,1000000000.0,0.17942266297159273,100000000000.0,-15.289712007998958,3.9e-05,-14.754982129049825,-42.13019877951396,-46.91762216837386,1.2874523037733638,1.43973273578753,1.2490995580800168,1.3608254640726907,0.02,0.02166075017252389,0.02,9.999999999999997e-72,0.1
8,6,1,2,0.005232476544870334,1e-09,1000000000.0,0.25241539954581493,100000000000.0,-19.055076913947904,3.9e-05,-14.538318431896611,-41.83221131345043,-47.64616109891425,1.2568280371361258,1.936838829762738,1.033124223240701,1.0410483928650447,0.02,0.14706242671119824,0.02,9.999999999999997e-72,0.1
9,6,1,2,0.009138718428670665,1e-09,1000000000.0,0.41495714749524154,100000000000.0,-20.52215956940208,3.9e-05,-14.384548076780321,-40.78122125259595,-40.08592147666446,0.6687656931533297,1.255909745780215,1.7142337262079193,1.4470458142793796,0.02,0.3100578073856443,0.02,9.999999999999997e-72,0.1
0,7,1,2,0.005063030588765729,1e-09,1000000000.0,0.23379630864505657,100000000000.0,-17.76970613157592,3.9e-05,-15.605614843388711,-41.15948384728044,-40.352123953823025,1.223767226259935,1.304924734865808,1.317789929184657,1.2767322180313623,0.02,0.10030803526036847,0.02,9.999999999999997e-72,0.1
3,7,1,2,0.005834762418803111,1e-09,1000000000.0,0.3286250118915695,100000000000.0,-15.884393897476006,3.9e-05,-14.378659889982512,-44.08668962621173,-48.52382372547861,2.224663031789769,1.1770574162855396,1.4822205028445452,1.2093214997072717,0.02,0.37656562944278016,0.02,9.999999999999997e-72,0.1
6,7,1,2,0.004465200160697868,1e-09,1000000000.0,0.2716287369604884,100000000000.0,-17.2163021734935,3.9e-05,-15.776536298050502,-43.76150137668684,-38.85987294749104,1.1900633440407733,1.5755383676834727,1.0959994863951292,0.7792599218338498,0.02,0.2604014220704657,0.02,9.999999999999997e-72,0.1
7,7,1,2,0.006704408194742451,1e-09,1000000000.0,0.2983332060189356,100000000000.0,-13.865875775413159,3.9e-05,-15.100619946455815,-46.57026267125896,-39.85403798670818,1.824161739625898,1.1731189532876398,1.5856571726001905,1.228298874735072,0.02,0.28982573070224255,0.02,9.999999999999997e-72,0.1
8,7,1,2,0.004885941218524883,1e-09,1000000000.0,0.3063783730923058,100000000000.0,-15.610755237262056,3.9e-05,-14.396402210979529,-41.39727655119799,-36.80479945321715,2.537708982244726,1.5546972473229328,1.7556058133241408,1.6516025754394055,0.02,0.2912489373752055,0.02,9.999999999999997e-72,0.1
2,8,1,2,0.011579900998186734,1e-09,1000000000.0,0.44073015845388747,100000000000.0,-16.00289309512052,3.9e-05,-14.35264530382823,-46.10393619337183,-49.34594684481281,1.3657768022916723,1.5864579512742811,1.799151242446602,1.2661583277294546,0.02,0.08770237283118361,0.02,9.999999999999997e-72,0.1
5,8,1,2,0.003762356021737838,1e-09,1000000000.0,0.22499585651112008,100000000000.0,-17.31778250838135,3.9e-05,-14.831359793854912,-42.82720085045574,-50.176412224783746,1.417182483720777,1.4328775011625647,1.395534148298314,1.1108266553003414,0.02,0.18691374719688278,0.02,9.999999999999997e-72,0.1
7,8,1,2,0.01340584127324604,1e-09,1000000000.0,0.20060710569639625,100000000000.0,-18.75263950160241,3.9e-05,-15.68621121401633,-38.87158373389004,-43.26517046777782,2.667820659058578,1.1469620361837787,1.7142654291349955,1.2735746825175578,0.02,0.08729307201298052,0.02,9.999999999999997e-72,0.1
8,8,1,2,0.01024310392499762,1e-09,1000000000.0,0.2261956448975388,100000000000.0,-15.12023685427277,3.9e-05,-15.486795441535282,-39.11088937605227,-49.54414712792938,1.976659344980586,1.8956121336744944,1.7570213988307333,1.3613125525946845,0.02,0.13393150030320625,0.02,9.999999999999997e-72,0.1
3,9,1,2,0.006546746601195448,1e-09,1000000000.0,0.3421567575163938,100000000000.0,-17.792160339124468,3.9e-05,-15.14171459055876,-42.05846207472696,-35.09968446179174,2.4401718153456216,1.228634167153338,1.7113660608737566,1.186997801404131,0.02,0.31405022318855935,0.02,9.999999999999997e-72,0.1
4,9,1,2,0.01526855375516827,1e-09,1000000000.0,0.4849455951788234,100000000000.0,-16.51755774001001,3.9e-05,-15.783883413061066,-39.45029146169005,-46.795730616980045,1.2952527069539026,1.7052297335904663,1.5950499404866572,1.8645517456150593,0.02,0.044196235029855424,0.02,9.999999999999997e-72,0.1
5,9,1,2,0.005977074817167771,1e-09,1000000000.0,0.09039930923058645,100000000000.0,-17.348448329349736,3.9e-05,-14.78810089560521,-35.07906931379704,-37.99406783427005,1.718711994916736,1.3796106292642392,1.6457765634843375,0.6462644567632255,0.02,0.31065495325337744,0.02,9.999999999999997e-72,0.1
9,9,1,2,0.02839882141557566,1e-09,1000000000.0,0.32764092912836773,100000000000.0,-19.076171350184044,3.9e-05,-15.892939510506638,-34.952669526746476,-37.66118813909087,0.9912786168221005,1.028515932861228,1.069883998402458,1.6455470072862157,0.02,0.3304651851789248,0.02,9.999999999999997e-72,0.1
