sim_idx,batch_idx,population_num,exp_num,particle_weight,C_extra,C_OD,D,g_1,K_A_B_1,K_mu_glu,k_omega_B_1,kA_1,kB_max_1,mu_max_1,n_A_B_1,n_omega,omega_max,S0_glu,N_1,S_glu,B_1,A_1
2,0,1,2,0.0036056218107958574,1e-09,1000000000.0,0.17219952326916535,100000000000.0,-16.32612838938837,3.9e-05,-15.24418971553868,-48.37069527448988,-49.10964525022008,0.7512107134820538,1.2625451700379708,1.3346068015907155,0.6330298294425196,0.02,0.26854443945568046,0.02,9.999999999999997e-72,0.1
6,0,1,2,0.007884882732713887,1e-09,1000000000.0,0.37360202978480395,100000000000.0,-19.928185713904334,3.9e-05,-15.076873361007493,-41.72168279197734,-49.459827705648294,0.5151193738408013,1.6385779225286459,1.5945209715799284,1.1609507985010055,0.02,0.323914056798359,0.02,9.999999999999997e-72,0.1
7,0,1,2,0.01586927329354405,1e-09,1000000000.0,0.3950693778200359,100000000000.0,-20.115138151923226,3.9e-05,-15.129858017566443,-47.81700057860735,-35.97625222427486,0.7745928069631991,1.6593351890185988,1.2986739518673427,0.8165378064920299,0.02,0.28939990421954315,0.02,9.999999999999997e-72,0.1
0,1,1,2,0.012031927484628726,1e-09,1000000000.0,0.059940328131050116,100000000000.0,-16.15857068404521,3.9e-05,-14.410989236036531,-37.033669651364164,-39.51026295748261,1.8714893786754645,1.8829854188616646,1.2639109407687834,1.5027208309676299,0.02,0.29558672060113367,0.02,9.999999999999997e-72,0.1
1,1,1,2,0.003744532612267406,1e-09,1000000000.0,0.19931337380313424,100000000000.0,-16.84816424374123,3.9e-05,-15.239582121824004,-45.841558226664944,-43.38957225106838,1.9449450320544746,1.1223702900116121,1.1848040813896876,0.9450330321581968,0.02,0.2689991203600413,0.02,9.999999999999997e-72,0.1
5,1,1,2,0.014982158565025232,1e-09,1000000000.0,0.07027130521844882,100000000000.0,-14.951233082901217,3.9e-05,-15.366967978345356,-38.79433449269784,-47.374066099085894,2.624027380322944,1.679338289670217,1.520567929769733,1.0091928728681465,0.02,0.11645788079440286,0.02,9.999999999999997e-72,0.1
2,2,1,2,0.018428810083724188,1e-09,1000000000.0,0.1429149903611711,100000000000.0,-18.19192673483489,3.9e-05,-15.44301922736569,-39.9223611257188,-47.78193986424871,0.754308737393109,1.3739236856954702,1.7801912694657207,0.575903978003943,0.02,0.020329316323799855,0.02,9.999999999999997e-72,0.1
8,2,1,2,0.011660002067021577,1e-09,1000000000.0,0.15471558589779966,100000000000.0,-14.254550921523098,3.9e-05,-15.918211111525697,-49.76651829035218,-40.27668548672661,2.029722834150539,1.4284741557126908,1.1245845151989673,1.2405555593505757,0.02,0.10766988034844442,0.02,9.999999999999997e-72,0.1
4,3,1,2,0.004583606420739208,1e-09,1000000000.0,0.09668065335512982,100000000000.0,-19.35956832005421,3.9e-05,-15.720060948789728,-44.69516546148075,-48.233714056763844,1.1735399110215146,1.349132296511173,1.385449689204061,1.3761847770716482,0.02,0.13508468084532996,0.02,9.999999999999997e-72,0.1
7,3,1,2,0.003943209352964965,1e-09,1000000000.0,0.48797181006254037,100000000000.0,-18.503049008858035,3.9e-05,-14.52003539689502,-47.277619622480856,-40.84998551305553,2.324738533047018,1.559921449874675,1.5430443105576517,0.9774978280492762,0.02,0.1261615417298394,0.02,9.999999999999997e-72,0.1
3,4,1,2,0.01669414191525142,1e-09,1000000000.0,0.36473131345832965,100000000000.0,-19.709990138861397,3.9e-05,-14.939772011579452,-47.771890844251715,-38.06458530059802,2.4429132039681676,1.616035621640335,1.7713310679065484,1.841277101593752,0.02,0.21987952035398395,0.02,9.999999999999997e-72,0.1
8,4,1,2,0.014423138352118621,1e-09,1000000000.0,0.29377666969967753,100000000000.0,-20.535449795784675,3.9e-05,-14.170855379671483,-41.21306870203904,-44.83420435833888,2.3637335311699887,1.809217454866462,1.0853450373821862,1.8847997581135623,0.02,0.2500809885401566,0.02,9.999999999999997e-72,0.1
0,5,1,2,0.0090484119798397,1e-09,1000000000.0,0.08692949697484814,100000000000.0,-13.960271085671348,3.9e-05,-16.03823948334505,-47.50800691384917,-44.02595026868719,0.6173575838400346,1.1778519225598296,1.6333858067662654,1.0170785681118975,0.02,0.36577843195073445,0.02,9.999999999999997e-72,0.1
4,5,1,2,0.004774681693636126,1e-09,1000000000.0,0.37156820557217424,100000000000.0,-17.202274281922346,3.9e-05,-14.850390393227551,-43.263911039878174,-39.961132237219886,1.4281408641053417,1.2703975336193087,1.5892159473895344,1.4600236119026602,0.02,0.28557321447614464,0.02,9.999999999999997e-72,0.1
5,5,1,2,0.008207519888849782,1e-09,1000000000.0,0.3290875240901727,100000000000.0,-15.234760092237094,3.9e-05,-15.435323689374416,-44.19768766913422,-42.75408207612502,2.5132382602128547,1.8767008941076861,1.49219737978103,1.7835623656761195,0.02,0.36615511227750064,0.02,9.999999999999997e-72,0.1
7,5,1,2,0.005851100674419021,1e-09,1000000000.0,0.3316987523374354,100000000000.0,-19.995468445368083,3.9e-05,-14.260187435771794,-46.46031473499935,-38.90074898457065,2.0686350025507996,1.6204851125438047,1.2622376173162928,0.8260698874373813,0.02,0.21647743126462032,0.02,9.999999999999997e-72,0.1
0,6,1,2,0.022545848802535545,1e-09,1000000000.0,0.3234166439105891,100000000000.0,-14.887505628407755,3.9e-05,-14.457528801672671,-35.568974842780406,-41.19718036168276,0.8212704293048212,1.689972164518104,1.4117399445706564,1.4614960202332767,0.02,0.3849510836637909,0.02,9.999999999999997e-72,0.1
3,6,1,2,0.005271684960453194,1e-09,1000000000.0,0.2808037269724567,100000000000.0,-19.136173564136072,3.9e-05,-15.100610369983732,-44.53459313394342,-45.48074658845722,0.6974584385746785,1.6812727262673195,1.3347909024926976,1.1157949760193762,0.02,0.10396364655090948,0.02,9.999999999999997e-72,0.1
5,7,1,2,0.004179156877624163,1e-09,1000000000.0,0.15362347091370715,100000000000.0,-16.436627618781586,3.9e-05,-14.641053087209878,-39.15615196623754,-47.03540994871725,1.3697113798597864,1.4499575568822491,1.445141475462629,1.5147297839673908,0.02,0.11045560854744922,0.02,9.999999999999997e-72,0.1
0,8,1,2,0.006519601855728481,1e-09,1000000000.0,0.16857586150842566,100000000000.0,-20.16438311874265,3.9e-05,-14.823726768759764,-34.76115133217771,-45.326499136882624,0.8663664288334327,1.7949568751740084,1.2821783336834165,1.7106169541611682,0.02,0.02668196656444434,0.02,9.999999999999997e-72,0.1
1,8,1,2,0.006084134779405028,1e-09,1000000000.0,0.08242761574956797,100000000000.0,-18.10564589389283,3.9e-05,-14.30355411033305,-43.00266723808963,-45.05670164256054,2.981256232220972,1.157266057698007,1.4749202796806529,0.9763472430520023,0.02,0.06190379677932889,0.02,9.999999999999997e-72,0.1
3,8,1,2,0.04548657365368822,1e-09,1000000000.0,0.266567104469335,100000000000.0,-14.427981063596885,3.9e-05,-14.559157882275635,-35.698308506513705,-36.16157080988496,0.8895273025894559,1.7432943742960816,1.3029836011677038,1.9932485025979874,0.02,0.03786540833034929,0.02,9.999999999999997e-72,0.1
6,8,1,2,0.008624786887025771,1e-09,1000000000.0,0.03581291521746404,100000000000.0,-18.26609332375826,3.9e-05,-15.560896573107541,-37.36661029521623,-43.571172745826345,1.2903943180681658,1.522438955087682,1.0831185370669416,0.7927990761618755,0.02,0.2392205538043181,0.02,9.999999999999997e-72,0.1
9,8,1,2,0.01318551619574681,1e-09,1000000000.0,0.26965449430959665,100000000000.0,-18.953627013239856,3.9e-05,-16.105922415501926,-44.098287232759226,-39.93124432610186,2.157601111316283,1.0873060911981294,1.049167176872338,1.3380376341368123,0.02,0.1096628268854014,0.02,9.999999999999997e-72,0.1
0,9,1,2,0.012239268555389453,1e-09,1000000000.0,0.44490564161130586,100000000000.0,-17.644991495747,3.9e-05,-15.559046072839044,-37.434019906457216,-39.168323655360005,2.7698342110939573,1.1739859786748759,1.9286849036903924,1.6672471102517683,0.02,0.07887673779162348,0.02,9.999999999999997e-72,0.1
2,9,1,2,0.014453633569794802,1e-09,1000000000.0,0.3785349980953125,100000000000.0,-19.164065429669684,3.9e-05,-15.205773157122678,-44.28245035008326,-47.32604459619648,1.7496219223428209,1.022314679412276,1.2955381439971256,1.9536705814616293,0.02,0.058539298869436596,0.02,9.999999999999997e-72,0.1
6,9,1,2,0.005953460292862088,1e-09,1000000000.0,0.31753021276479676,100000000000.0,-18.925384910598535,3.9e-05,-14.829439094651496,-48.25844727635835,-41.4218704840916,1.2588998319598066,1.6928159724656373,1.1840383832473733,0.8470945722264404,0.02,0.2059951252082636,0.02,9.999999999999997e-72,0.1
7,9,1,2,0.006462010564624031,1e-09,1000000000.0,0.08735931481895937,100000000000.0,-19.861622749508246,3.9e-05,-14.105539030420264,-44.8900579044879,-45.72618408636664,2.2660619880633277,1.3130615343918302,1.1423655642994626,0.9213476143522976,0.02,0.17910559640702658,0.02,9.999999999999997e-72,0.1
8,9,1,2,0.013694308226979769,1e-09,1000000000.0,0.04113054007111602,100000000000.0,-17.386154534556955,3.9e-05,-15.173988130860364,-39.167501700176835,-50.593241432958735,1.4299221020290411,1.5827738062143926,1.1657559417335892,1.9856095402110254,0.02,0.03479466320832207,0.02,9.999999999999997e-72,0.1
0,10,1,2,0.005598332474668972,1e-09,1000000000.0,0.2054285256700209,100000000000.0,-19.885109347626,3.9e-05,-14.408006090872274,-40.636511809580156,-44.20333969307289,2.06739280883569,1.3981130636393932,1.626371501588817,1.4009280449049537,0.02,0.2608546104817881,0.02,9.999999999999997e-72,0.1
