sim_idx,batch_idx,population_num,exp_num,particle_weight,C_OD,D,g_1,K_mu_glu,mu_max_1,S0_glu,N_1,S_glu
0,0,1,0,0.006622564141620617,1000000000.0,0.4038295556347118,100000000000.0,3.9e-05,1.9400874336051022,0.02,0.1529851686547829,0.02
2,0,1,0,0.00836910626821505,1000000000.0,0.17769618630679168,100000000000.0,3.9e-05,2.6882114337235667,0.02,0.35363759772796455,0.02
3,0,1,0,0.00712100418987007,1000000000.0,0.38893668626191186,100000000000.0,3.9e-05,0.992019323971788,0.02,0.13058839443043724,0.02
4,0,1,0,0.007647923154159071,1000000000.0,0.05089337023283618,100000000000.0,3.9e-05,2.2477712418054567,0.02,0.1603244213372108,0.02
7,0,1,0,0.008541677469742772,1000000000.0,0.4394901976089773,100000000000.0,3.9e-05,1.207113878468522,0.02,0.07443210415439167,0.02
8,0,1,0,0.00790987396957536,1000000000.0,0.03786810108485125,100000000000.0,3.9e-05,1.437169322145454,0.02,0.15205180036046057,0.02
9,0,1,0,0.007761028805530087,1000000000.0,0.12011650489796578,100000000000.0,3.9e-05,1.718398374835369,0.02,0.054360943542082645,0.02
0,1,1,0,0.006881354357610712,1000000000.0,0.27317507742263125,100000000000.0,3.9e-05,1.8436822360650118,0.02,0.37801299363513435,0.02
2,1,1,0,0.008685822281346628,1000000000.0,0.4719451657646366,100000000000.0,3.9e-05,0.9900944115404051,0.02,0.26439857884304585,0.02
4,1,1,0,0.005678969313551197,1000000000.0,0.2605625608839772,100000000000.0,3.9e-05,1.5360737337716295,0.02,0.12226795663728109,0.02
8,1,1,0,0.01106143678208178,1000000000.0,0.4298101506147577,100000000000.0,3.9e-05,0.6934685060669692,0.02,0.04324241738760884,0.02
9,1,1,0,0.007276106385123033,1000000000.0,0.235095118611435,100000000000.0,3.9e-05,1.4810072621810773,0.02,0.3955333546967923,0.02
3,2,1,0,0.009954938155519413,1000000000.0,0.06344899472387516,100000000000.0,3.9e-05,2.3476031918515092,0.02,0.3759155536045524,0.02
5,2,1,0,0.007414062991041714,1000000000.0,0.078533504179634,100000000000.0,3.9e-05,2.23819985621891,0.02,0.12637028255141175,0.02
8,2,1,0,0.010056167458929103,1000000000.0,0.3455910548316588,100000000000.0,3.9e-05,0.5287726865366301,0.02,0.05585114519611614,0.02
9,2,1,0,0.00577800664421633,1000000000.0,0.2727934712732838,100000000000.0,3.9e-05,1.336998595479026,0.02,0.12818014495285285,0.02
1,3,1,0,0.0073440909689220825,1000000000.0,0.09360327051748757,100000000000.0,3.9e-05,2.461193820644179,0.02,0.27746607414282537,0.02
3,3,1,0,0.005203941864015426,1000000000.0,0.2636414175876106,100000000000.0,3.9e-05,1.6327057550175816,0.02,0.23696261431662616,0.02
6,3,1,0,0.010648682518015186,1000000000.0,0.4462507092889495,100000000000.0,3.9e-05,2.7198900484216524,0.02,0.3115093712576106,0.02
7,3,1,0,0.00702831329728794,1000000000.0,0.3291389193234342,100000000000.0,3.9e-05,0.6613567866639681,0.02,0.23957336533182097,0.02
9,3,1,0,0.006268838912237406,1000000000.0,0.2896219060419166,100000000000.0,3.9e-05,1.3208159900620609,0.02,0.33860548038234267,0.02
0,4,1,0,0.00709504445410259,1000000000.0,0.3261554275756313,100000000000.0,3.9e-05,2.5669397555630793,0.02,0.1411881732026334,0.02
2,4,1,0,0.006334449662284934,1000000000.0,0.3289038606353575,100000000000.0,3.9e-05,1.5697047941011797,0.02,0.3363691384931567,0.02
7,4,1,0,0.007641759948491803,1000000000.0,0.3233901398044756,100000000000.0,3.9e-05,1.6924853883617073,0.02,0.029834118628596057,0.02
9,4,1,0,0.006418004576316061,1000000000.0,0.10562895550239292,100000000000.0,3.9e-05,1.5205702871405138,0.02,0.2807082887326027,0.02
0,5,1,0,0.008155982521122108,1000000000.0,0.34469539928157333,100000000000.0,3.9e-05,0.9068794944613314,0.02,0.37185808196515446,0.02
2,5,1,0,0.006846754974267162,1000000000.0,0.34065065619191737,100000000000.0,3.9e-05,2.560759918339701,0.02,0.2106176815255236,0.02
4,5,1,0,0.007748402958864289,1000000000.0,0.21586110727750335,100000000000.0,3.9e-05,1.0671798082638486,0.02,0.38973687786900035,0.02
5,5,1,0,0.009624976529290835,1000000000.0,0.2098255456023188,100000000000.0,3.9e-05,0.5210853328387433,0.02,0.38206120960567264,0.02
6,5,1,0,0.0061343528289853,1000000000.0,0.22315717456665718,100000000000.0,3.9e-05,2.5168136518321274,0.02,0.21758089369723121,0.02
0,6,1,0,0.010249874454100624,1000000000.0,0.4249890686551424,100000000000.0,3.9e-05,0.5445716487748462,0.02,0.3328182600495192,0.02
2,6,1,0,0.007575400116725674,1000000000.0,0.41259731407155686,100000000000.0,3.9e-05,1.5693063407380086,0.02,0.33850098650926463,0.02
5,6,1,0,0.011533434934404896,1000000000.0,0.47913581556323326,100000000000.0,3.9e-05,2.3395449841882643,0.02,0.359501946256889,0.02
7,6,1,0,0.006150806887523085,1000000000.0,0.12535117698705553,100000000000.0,3.9e-05,1.3800840028587529,0.02,0.16865812640323422,0.02
8,6,1,0,0.007839424232989415,1000000000.0,0.380569176244924,100000000000.0,3.9e-05,2.0699186006688697,0.02,0.061699703535321754,0.02
9,6,1,0,0.008824290994122352,1000000000.0,0.48301460395233403,100000000000.0,3.9e-05,1.646439869062146,0.02,0.10175779441389302,0.02
0,7,1,0,0.00572756107047888,1000000000.0,0.17594082285912666,100000000000.0,3.9e-05,1.8104017804508215,0.02,0.13811584576135585,0.02
1,8,1,0,0.006253990147986334,1000000000.0,0.18813833502734112,100000000000.0,3.9e-05,0.9326772426847485,0.02,0.25618004374052916,0.02
4,8,1,0,0.006461908535516193,1000000000.0,0.20037959142129166,100000000000.0,3.9e-05,1.8986302016509118,0.02,0.3530389550490631,0.02
6,8,1,0,0.009142041993450893,1000000000.0,0.04367760054728426,100000000000.0,3.9e-05,2.176202266823906,0.02,0.0786250538932316,0.02
8,8,1,0,0.009955744199453097,1000000000.0,0.3231049862164378,100000000000.0,3.9e-05,0.5816073031716302,0.02,0.39568183004935137,0.02
9,8,1,0,0.005966048770742301,1000000000.0,0.2930709764761148,100000000000.0,3.9e-05,2.110472344533899,0.02,0.3022835062441741,0.02
1,9,1,0,0.010692990551439048,1000000000.0,0.03807867429759215,100000000000.0,3.9e-05,1.7622360619436206,0.02,0.03268696634664766,0.02
5,9,1,0,0.006701191162240996,1000000000.0,0.1648947967177735,100000000000.0,3.9e-05,2.618837295919104,0.02,0.24653561608822738,0.02
6,9,1,0,0.005824635978083619,1000000000.0,0.3164341405839657,100000000000.0,3.9e-05,2.2239588986658685,0.02,0.2224794890648686,0.02
7,9,1,0,0.006751514318315763,1000000000.0,0.1390641637562674,100000000000.0,3.9e-05,2.1355566193558446,0.02,0.09943860858080311,0.02
8,9,1,0,0.0060225315247676835,1000000000.0,0.11422294700071803,100000000000.0,3.9e-05,1.937424207978836,0.02,0.19468404053616767,0.02
0,10,1,0,0.005477819470908721,1000000000.0,0.16903095411867106,100000000000.0,3.9e-05,1.5509896474284932,0.02,0.19922443993289643,0.02
