sim_idx,batch_idx,population_num,exp_num,particle_weight,C_extra,C_OD,D,g_1,K_A_B_1,K_mu_glu,k_omega_B_1,kA_1,kB_max_1,mu_max_1,n_A_B_1,n_omega,omega_max,S0_glu,N_1,S_glu,B_1,A_1
6,0,1,0,0.008190900090288408,1e-09,1000000000.0,0.16798582317016741,100000000000.0,-20.175809262314285,3.9e-05,-15.237274669989521,-41.87474960873557,-42.924375630132445,0.8908534173391989,1.2490209467988567,1.8966072177820124,0.5430609849045572,0.02,0.02764393354931427,0.02,9.999999999999997e-72,0.1
1,1,1,0,0.005030958116813135,1e-09,1000000000.0,0.18359894605889956,100000000000.0,-16.10030155118416,3.9e-05,-15.170250143067982,-40.636851376972615,-41.25437259542215,0.49279094510236077,1.9602229187434448,1.6240606498440273,1.2735693839429987,0.02,0.21671673504447925,0.02,9.999999999999997e-72,0.1
3,1,1,0,0.003609718347070219,1e-09,1000000000.0,0.33430460442159715,100000000000.0,-19.344122969651362,3.9e-05,-14.72631260964921,-49.942290885462526,-39.05890252214674,2.4277225223169148,1.860452234160304,1.0890758609418405,1.8405976269137143,0.02,0.2765176425571304,0.02,9.999999999999997e-72,0.1
7,1,1,0,0.026134496097649538,1e-09,1000000000.0,0.4512704765849287,100000000000.0,-16.325576979019235,3.9e-05,-15.40169014010805,-40.777607468619046,-49.98010119247086,0.9058731455521971,1.614387475606812,1.1668058531963175,1.5003612052286266,0.02,0.32789078953659045,0.02,9.999999999999997e-72,0.1
0,2,1,0,0.009472644188249774,1e-09,1000000000.0,0.0614584287507308,100000000000.0,-16.140121620438865,3.9e-05,-15.407723631535463,-41.094729793284465,-35.78908895517636,2.8053347392885972,1.2068991403205547,1.9080348654128465,1.556701327296832,0.02,0.29599509507597577,0.02,9.999999999999997e-72,0.1
1,2,1,0,0.006385842612917819,1e-09,1000000000.0,0.10373814689353655,100000000000.0,-18.76074438297686,3.9e-05,-14.280796881048781,-48.519666908221076,-37.52129943760159,0.8144930621428994,1.8661213859591477,1.7579467535328095,1.928824997894876,0.02,0.09311628862260005,0.02,9.999999999999997e-72,0.1
2,2,1,0,0.005537831555888112,1e-09,1000000000.0,0.26684478936140027,100000000000.0,-19.236412511045017,3.9e-05,-14.753807737850616,-36.987264533799454,-44.99421858286931,0.9758570880525165,1.1436084366560466,1.1023715646627883,1.0030394219947434,0.02,0.1600254496139677,0.02,9.999999999999997e-72,0.1
4,2,1,0,0.005569451713330271,1e-09,1000000000.0,0.09992925536735137,100000000000.0,-19.92483308103316,3.9e-05,-14.198642982129236,-44.18742104604684,-41.92231485019216,1.841173366177346,1.8663448107233016,1.7573577571436068,1.8121261076956927,0.02,0.3709665231673295,0.02,9.999999999999997e-72,0.1
6,2,1,0,0.005392135522477167,1e-09,1000000000.0,0.19583452814681512,100000000000.0,-19.593304026286262,3.9e-05,-14.85748547643126,-48.85239972183283,-44.14395741525417,2.292822290273163,1.4718815857457321,1.523685439758239,1.3052066639652469,0.02,0.06613646020453079,0.02,9.999999999999997e-72,0.1
0,3,1,0,0.01373435705989193,1e-09,1000000000.0,0.3225613660863243,100000000000.0,-15.577086466458763,3.9e-05,-15.333019253423046,-38.57938048702173,-47.858701845539606,2.7566616800044006,1.2260465688259883,1.9671277053051301,0.6848399944072973,0.02,0.01637118334933123,0.02,9.999999999999997e-72,0.1
2,3,1,0,0.01784379611871684,1e-09,1000000000.0,0.319257135663481,100000000000.0,-16.699691405390585,3.9e-05,-15.505995805534939,-39.96101860671394,-44.022217192497486,2.4005687580968784,1.10978438926468,1.938878232026398,0.7968577763071659,0.02,0.3427566067808769,0.02,9.999999999999997e-72,0.1
4,3,1,0,0.004959537995776367,1e-09,1000000000.0,0.2846625729001899,100000000000.0,-18.496057672133855,3.9e-05,-14.147733250065256,-39.07922448174108,-40.056060404263,1.5940506759090651,1.5515608182397724,1.155165988432301,1.0939171658658395,0.02,0.36551848063686154,0.02,9.999999999999997e-72,0.1
8,3,1,0,0.01907015791128978,1e-09,1000000000.0,0.3218071831315158,100000000000.0,-19.221113914667036,3.9e-05,-14.836773049036717,-45.90035573786458,-49.51547118140407,1.3052770725883192,1.0628071824413339,1.1999004025547932,1.9502245541376066,0.02,0.3105352288688259,0.02,9.999999999999997e-72,0.1
1,4,1,0,0.003687653421645465,1e-09,1000000000.0,0.1205457954794428,100000000000.0,-18.31937220039156,3.9e-05,-14.929484882269707,-49.54040708676563,-37.992106439666095,1.468187104506391,1.9896863121128323,1.4907839723896517,1.2703105220830921,0.02,0.05183942895888723,0.02,9.999999999999997e-72,0.1
4,4,1,0,0.007514093011781424,1e-09,1000000000.0,0.17231949590594334,100000000000.0,-16.992857925181408,3.9e-05,-15.964799108419347,-48.12032288303936,-44.15405675736095,2.4005699220361407,1.1576439927272981,1.2120615619010529,0.9181937286630297,0.02,0.2708537206486865,0.02,9.999999999999997e-72,0.1
5,4,1,0,0.012412253632230228,1e-09,1000000000.0,0.25046047904618857,100000000000.0,-14.349132224970003,3.9e-05,-15.981874699530833,-44.45998956638799,-35.454255540588456,1.6736174916739053,1.8913293039903718,1.7839404383983282,1.104718384257669,0.02,0.1063569342330809,0.02,9.999999999999997e-72,0.1
6,4,1,0,0.005652557610853231,1e-09,1000000000.0,0.06625654608312892,100000000000.0,-20.03039039521763,3.9e-05,-14.921301505766147,-36.1498506735518,-35.587113032952246,1.5477725665978257,1.4019501678569024,1.3803410609983722,0.6178918008772731,0.02,0.024456277889993976,0.02,9.999999999999997e-72,0.1
8,4,1,0,0.0034905791093083993,1e-09,1000000000.0,0.2628249978562486,100000000000.0,-16.239287687380724,3.9e-05,-15.850607458769812,-38.874673163278096,-36.620235627759286,2.0056554694285227,1.0885686253724511,1.3316059555224053,0.963160823294266,0.02,0.011573304996184572,0.02,9.999999999999997e-72,0.1
1,5,1,0,0.00504185321789812,1e-09,1000000000.0,0.39324175314539866,100000000000.0,-17.662367292872403,3.9e-05,-14.925238059065663,-38.90649050799794,-39.52972187678255,1.8593697999555374,1.8360431630150162,1.7467348678938683,1.0677432121593626,0.02,0.20390998237292063,0.02,9.999999999999997e-72,0.1
3,5,1,0,0.017124494840006714,1e-09,1000000000.0,0.4078419310400472,100000000000.0,-15.123581910270733,3.9e-05,-14.511947671021003,-41.391577713015096,-40.21520758317281,2.5991901052411865,1.2447049699598398,1.2231871524219242,1.1958362902280804,0.02,0.04867162618857942,0.02,9.999999999999997e-72,0.1
8,5,1,0,0.010697180457603886,1e-09,1000000000.0,0.3408633859387467,100000000000.0,-17.164397630292633,3.9e-05,-15.785989784407402,-36.033700267915826,-44.05973992815655,0.41623484131939925,1.8941011305118405,1.3842012585530092,1.2322937697217218,0.02,0.31665213670256703,0.02,9.999999999999997e-72,0.1
9,5,1,0,0.006706987280373201,1e-09,1000000000.0,0.495465848731745,100000000000.0,-18.836111586111652,3.9e-05,-15.13520231188361,-46.874942404424594,-40.53416579934989,1.5586778478622445,1.6317234396480542,1.3784921899228646,1.805212950790508,0.02,0.3422772055397336,0.02,9.999999999999997e-72,0.1
3,6,1,0,0.008106898618753085,1e-09,1000000000.0,0.35870413259782896,100000000000.0,-18.502641171382717,3.9e-05,-15.951648844531263,-36.46554880987412,-45.201682748454886,1.0067185080002967,1.7320623606840246,1.5157077669941643,1.435402418237294,0.02,0.12159449426252181,0.02,9.999999999999997e-72,0.1
6,6,1,0,0.002928600429440303,1e-09,1000000000.0,0.16234287461385338,100000000000.0,-19.51205097100939,3.9e-05,-16.101962197474744,-40.38208415750299,-43.811049547451475,1.298482035857404,1.3305438386874477,1.1202046076762415,1.1280094039591029,0.02,0.1642064758130105,0.02,9.999999999999997e-72,0.1
1,7,1,0,0.004523638095263625,1e-09,1000000000.0,0.04955063394362311,100000000000.0,-19.179533707799862,3.9e-05,-13.930675341510527,-41.63949737848456,-47.10528260714679,1.8068567641963653,1.32087403047573,1.3355076396807868,1.4448623623772283,0.02,0.24505833441156474,0.02,9.999999999999997e-72,0.1
4,7,1,0,0.014791742595812736,1e-09,1000000000.0,0.30374062901220034,100000000000.0,-19.406956597191733,3.9e-05,-14.085790445182504,-40.98549049349351,-50.1869553100612,2.7849103180285226,1.610505324735031,1.1964600701734076,1.2235626365122263,0.02,0.2572711926767687,0.02,9.999999999999997e-72,0.1
6,7,1,0,0.005468844286277962,1e-09,1000000000.0,0.06084325306982247,100000000000.0,-14.760313473459853,3.9e-05,-15.94460825993394,-38.283203291130626,-38.11104965055818,1.4652759928945345,1.9051867315103226,1.779081402631123,1.1296310621295624,0.02,0.20139596648852606,0.02,9.999999999999997e-72,0.1
7,7,1,0,0.00473734517545356,1e-09,1000000000.0,0.31505517789233234,100000000000.0,-16.78293406445151,3.9e-05,-14.20280328623095,-38.69046377954714,-41.316590360985195,1.893818373544958,1.6801999511226242,1.7613278787493334,1.2507655811219744,0.02,0.3139388413439189,0.02,9.999999999999997e-72,0.1
8,7,1,0,0.008083032486223829,1e-09,1000000000.0,0.17923683453056083,100000000000.0,-17.241362129012142,3.9e-05,-14.665953622254223,-35.1421738459602,-44.19026704174759,2.365486873187341,1.9517195739451227,1.315317247966279,1.618356853231774,0.02,0.3830595742629276,0.02,9.999999999999997e-72,0.1
9,7,1,0,0.005561686508473288,1e-09,1000000000.0,0.2183014277852573,100000000000.0,-20.6035503745079,3.9e-05,-14.612862070309,-47.191482968388144,-46.48989561816317,1.3263992092458805,1.8311692807165374,1.3046566862640365,1.07480331758493,0.02,0.28345155477184797,0.02,9.999999999999997e-72,0.1
0,8,1,0,0.010217189134941997,1e-09,1000000000.0,0.45557964926917693,100000000000.0,-16.569009194445545,3.9e-05,-15.22992551787841,-41.07147359919132,-41.55572161985974,2.237963753448123,1.1780358593941032,1.391876178463102,1.4839796181141502,0.02,0.3249849689866507,0.02,9.999999999999997e-72,0.1
2,8,1,0,0.008305657621089573,1e-09,1000000000.0,0.11538890126488355,100000000000.0,-17.153751949445308,3.9e-05,-15.422162406330497,-41.82267876539848,-47.19139449446951,0.6628609301654871,1.6297950139179709,1.1003630393640191,1.7246688572208604,0.02,0.386834030272146,0.02,9.999999999999997e-72,0.1
3,8,1,0,0.003950637270127252,1e-09,1000000000.0,0.13164685944050553,100000000000.0,-16.06814678948078,3.9e-05,-15.130155723957465,-44.850701241303476,-46.2669075987532,1.493843137712572,1.490381550842467,1.5582727127701674,1.4130898945130488,0.02,0.12390680110187646,0.02,9.999999999999997e-72,0.1
5,8,1,0,0.01693341803274731,1e-09,1000000000.0,0.34273356331374455,100000000000.0,-16.244672666350567,3.9e-05,-14.026703993620796,-44.67596687905738,-41.663384298435226,0.5990656771859437,1.058785410719047,1.3630248007243033,1.609174309547405,0.02,0.10814465425710298,0.02,9.999999999999997e-72,0.1
0,9,1,0,0.010623984769507383,1e-09,1000000000.0,0.07537784128928195,100000000000.0,-16.62644205633768,3.9e-05,-16.106851996354624,-49.88403625029502,-38.31698910428115,2.407252284242012,1.495917398246748,1.4407125649739292,1.889584525024588,0.02,0.3590497353145671,0.02,9.999999999999997e-72,0.1
2,9,1,0,0.009245722574442361,1e-09,1000000000.0,0.2783325088238119,100000000000.0,-14.644457459102107,3.9e-05,-16.07746165558474,-40.3835899952239,-41.48737479015112,1.012455083313016,1.3626669005258785,1.391695623343237,1.1544062977708147,0.02,0.34322521484557467,0.02,9.999999999999997e-72,0.1
9,9,1,0,0.00569523952325151,1e-09,1000000000.0,0.13271713599790175,100000000000.0,-20.004771992367264,3.9e-05,-14.567523521526745,-43.63844892828078,-36.899529513474505,2.0447893665673944,1.4114459221180207,1.7152404264752894,0.5617060623090374,0.02,0.04337080800962226,0.02,9.999999999999997e-72,0.1
