sim_idx,batch_idx,population_num,exp_num,particle_weight,C_extra,C_OD,D,g_1,K_A_B_1,K_mu_glu,k_omega_B_1,kA_1,kB_max_1,mu_max_1,n_A_B_1,n_omega,omega_max,S0_glu,N_1,S_glu,B_1,A_1
1,0,1,0,0.014748735074302516,1e-09,1000000000.0,0.43162073913900145,100000000000.0,-16.19534560309571,3.9e-05,-15.128138862013333,-44.386812828661625,-41.12875049045438,2.5085349945958555,1.131374851195207,1.3530033548124565,1.9653400990994394,0.02,0.17222512371728949,0.02,9.999999999999997e-72,0.1
5,1,1,0,0.0163386113263536,1e-09,1000000000.0,0.324218290029649,100000000000.0,-16.086576749914997,3.9e-05,-15.407482665222545,-41.004227601708244,-45.116270311876704,1.6763609232848726,1.8053446445613646,1.994074004707409,1.1702857951631733,0.02,0.3832407963864361,0.02,9.999999999999997e-72,0.1
6,1,1,0,0.01722883927679283,1e-09,1000000000.0,0.2546081577179514,100000000000.0,-17.719127446485345,3.9e-05,-15.578021972196852,-38.73984091861706,-46.036629580570995,2.1204930333187066,1.6488913135256218,1.9667238067574822,0.6286466721384796,0.02,0.3048500447320319,0.02,9.999999999999997e-72,0.1
7,2,1,0,0.00932841376324593,1e-09,1000000000.0,0.14897794402963652,100000000000.0,-17.835783852814046,3.9e-05,-15.825508092428485,-48.390172899697035,-48.194859037315766,1.240792481999042,1.7860563286663396,1.327179044917003,1.2143883949182936,0.02,0.35386887860392446,0.02,9.999999999999997e-72,0.1
5,3,1,0,0.031743204849810615,1e-09,1000000000.0,0.1452582576537857,100000000000.0,-19.972478948787767,3.9e-05,-15.578819527502722,-45.686705060864675,-42.89287175503532,1.4721301969529963,1.5087393505166597,1.8545031945284143,1.6765152383180522,0.02,0.17195057328380856,0.02,9.999999999999997e-72,0.1
3,4,1,0,0.010469608371153287,1e-09,1000000000.0,0.2774699657530264,100000000000.0,-18.569283673681362,3.9e-05,-14.629426493060075,-47.243065082089,-47.82325381446954,2.00195870693151,1.3294459528094924,1.6939305043045183,1.9473539271468407,0.02,0.30765603307841743,0.02,9.999999999999997e-72,0.1
7,5,1,0,0.06853949266481256,1e-09,1000000000.0,0.3408825112274458,100000000000.0,-14.394607065278066,3.9e-05,-15.666034429953976,-49.78483409068798,-46.87279911244623,2.8514712566792073,1.2843539744115626,1.9966151884342782,1.91655293805642,0.02,0.32039814640760095,0.02,9.999999999999997e-72,0.1
1,6,1,0,0.012100646911760528,1e-09,1000000000.0,0.3999604054522876,100000000000.0,-15.772034574563577,3.9e-05,-15.64823140757478,-49.088920311400535,-49.079775015815756,0.6804526508980818,1.4027565207309998,1.6837231172243745,1.861436237586422,0.02,0.16725895640399452,0.02,9.999999999999997e-72,0.1
4,6,1,0,0.014295761214864462,1e-09,1000000000.0,0.0332167020931844,100000000000.0,-14.614434020129403,3.9e-05,-14.679022953039741,-46.29069601864796,-37.54997836405661,1.579412919069118,1.63520898333879,1.4166304377710186,0.7916311443632726,0.02,0.17390205119704846,0.02,9.999999999999997e-72,0.1
2,7,1,0,0.006343325607001802,1e-09,1000000000.0,0.36176431087300537,100000000000.0,-17.524993212850084,3.9e-05,-13.948223757348643,-42.5120844908697,-36.79638195852035,1.6960469819260091,1.4349754611326169,1.788417541051578,1.007748860396108,0.02,0.24109573439871324,0.02,9.999999999999997e-72,0.1
3,7,1,0,0.009554748459390723,1e-09,1000000000.0,0.11716113940753711,100000000000.0,-18.391641173126324,3.9e-05,-14.468074490371098,-36.11144165142213,-48.66022112585362,1.4228770924842968,1.8165263995495269,1.0138256773148855,1.0645741933282309,0.02,0.19507445493472486,0.02,9.999999999999997e-72,0.1
5,7,1,0,0.04936040433342997,1e-09,1000000000.0,0.4209906152778348,100000000000.0,-17.926553850978483,3.9e-05,-16.108418743142522,-42.56337305575242,-35.00733047876982,2.312954127997487,1.2814243878157772,1.33407010101767,1.7117593341334172,0.02,0.31630266791078177,0.02,9.999999999999997e-72,0.1
7,8,1,0,0.02471130961807473,1e-09,1000000000.0,0.031065948422339,100000000000.0,-16.55676395075565,3.9e-05,-15.913699372301867,-40.484856883271696,-50.57827633577895,1.1664892177438575,1.4546275829316853,1.2760224066157129,0.7600175448062173,0.02,0.1653457166253621,0.02,9.999999999999997e-72,0.1
3,9,1,0,0.018129468299093503,1e-09,1000000000.0,0.22779783820647576,100000000000.0,-18.651891571377128,3.9e-05,-14.064088576943835,-45.69523964878295,-46.96315383217791,1.8995191158185507,1.2384259905338475,1.71665267901005,1.1502850805721319,0.02,0.07975508708727376,0.02,9.999999999999997e-72,0.1
4,9,1,0,0.008269465470461382,1e-09,1000000000.0,0.1683670315595847,100000000000.0,-16.149670246614747,3.9e-05,-14.535954882823113,-35.402745079370064,-48.286524484279234,1.1832165879345504,1.7678673035087002,1.1204633062847864,0.5353255182593541,0.02,0.04796663478302449,0.02,9.999999999999997e-72,0.1
